% number of basis vectors with non-zero coefficient
SIZE_CONNECTED = 3;

% prefactors of the partial amplitude in total amplitude
a_0 = 11.07549848389076708;
a_1 = 11.07549848389076708;
a_2 = 11.07549848389076708;

% permutations defining the partial amplitudes
A_0 = 0 1 2 3;
A_1 = 0 1 3 2;
A_2 = 0 2 1 3;


% dimension of the basis to rotate to
DIM_BASIS = 6;

% basis change matrix from trace basis to multiplet basis
TRAFO = -0.06019292654288461 0.48154341234307685 0.48154341234307685 0.12500000000000000 1.00000000000000000 0.12500000000000000 -0.34050261230349932 0.42562826537937437 0.42562826537937432 0.35355339059327373 0.00000000000000000 0.35355339059327373 0.00000000000000001 0.76613087768287369 -0.76613087768287358 0.35355339059327373 0.00000000000000000 -0.35355339059327373 -0.00000000000000002 0.00000004845437118 -0.00000004845437125 0.55901701673562609 0.00000000000000000 -0.55901701673562609 0.93831486325683633 0.00000000000000015 0.00000000000000006 0.64951905283832900 0.00000000000000000 0.64951905283832900;

% dimension of the colour space
DIM_CS = 5;

% colour metric aka soft matrix
METRIC = 1.00000000000000000 0.00000000000000000 0.00000000000000000 0.00000000000000000 0.00000000000000000 0.00000000000000000 0.99999999999999978 0.00000000000000000 0.00000000000000000 0.00000000000000000 0.00000000000000000 0.00000000000000000 0.99999999999999978 0.00000000000000000 0.00000000000000000 0.00000000000000000 0.00000000000000000 0.00000000000000000 1.00000000000000000 0.00000000000000000 0.00000000000000000 0.00000000000000000 0.00000000000000000 0.00000000000000000 1.00000000000000022;

% colour change matrices
C_01 = 0.00000000000000000 0.00000000000000000 -1.06066017177982119 0.00000000000000000 0.00000000000000000 0.00000000000000000 -0.74999999999999967 -0.75000000000000022 -0.94868334548467692 0.00000000000000000 -1.06066017177982119 -0.75000000000000022 -0.74999999999999989 0.00000000000000000 -0.61237243569579425 0.00000000000000000 -0.94868334548467692 0.00000000000000000 -1.49999999999999645 -0.77459670797131497 0.00000000000000000 0.00000000000000000 -0.61237243569579425 -0.77459670797131541 -2.00000000000000044;
C_02 = -3.00000000000000000 0.00000000000000000 0.00000000000000000 0.00000000000000000 0.00000000000000000 0.00000000000000000 -1.49999999999999956 0.00000000000000000 0.00000000000000000 0.00000000000000000 0.00000000000000000 0.00000000000000000 -1.49999999999999978 0.00000000000000000 0.00000000000000000 0.00000000000000000 0.00000000000000000 0.00000000000000000 0.00000000000000000 0.00000000000000000 0.00000000000000000 0.00000000000000000 0.00000000000000000 0.00000000000000000 1.00000000000000000;
C_03 = 0.00000000000000000 0.00000000000000000 1.06066017177982119 0.00000000000000000 0.00000000000000000 0.00000000000000000 -0.74999999999999967 0.74999999999999989 0.94868334548467703 0.00000000000000000 1.06066017177982119 0.74999999999999978 -0.74999999999999989 0.00000000000000000 0.61237243569579425 0.00000000000000000 0.94868334548467681 0.00000000000000000 -1.49999999999999689 0.77459670797131541 0.00000000000000000 0.00000000000000000 0.61237243569579425 0.77459670797131530 -2.00000000000000089;
C_12 = 0.00000000000000000 0.00000000000000000 1.06066017177982119 0.00000000000000000 0.00000000000000000 0.00000000000000000 -0.74999999999999967 0.74999999999999978 0.94868334548467659 0.00000000000000000 1.06066017177982119 0.74999999999999978 -0.74999999999999978 0.00000000000000000 0.61237243569579436 0.00000000000000000 0.94868334548467692 0.00000000000000000 -1.49999999999999689 0.77459670797131541 0.00000000000000000 0.00000000000000000 0.61237243569579436 0.77459670797131541 -2.00000000000000044;
C_13 = -3.00000000000000000 0.00000000000000000 0.00000000000000000 0.00000000000000000 0.00000000000000000 0.00000000000000000 -1.49999999999999956 0.00000000000000000 0.00000000000000000 0.00000000000000000 0.00000000000000000 0.00000000000000000 -1.49999999999999978 0.00000000000000000 0.00000000000000000 0.00000000000000000 0.00000000000000000 0.00000000000000000 0.00000000000000000 0.00000000000000000 0.00000000000000000 0.00000000000000000 0.00000000000000000 0.00000000000000000 1.00000000000000000;
C_23 = 0.00000000000000000 0.00000000000000000 -1.06066017177982119 0.00000000000000000 0.00000000000000000 0.00000000000000000 -0.74999999999999967 -0.74999999999999944 -0.94868334548467681 0.00000000000000000 -1.06066017177982119 -0.74999999999999978 -0.74999999999999989 0.00000000000000000 -0.61237243569579447 0.00000000000000000 -0.94868334548467681 0.00000000000000000 -1.49999999999999689 -0.77459670797131497 0.00000000000000000 0.00000000000000000 -0.61237243569579447 -0.77459670797131530 -2.00000000000000044;
