% number of basis vectors with non-zero coefficient
SIZE_CONNECTED = 6;

% prefactors of the partial amplitude in total amplitude
a_0 = 7.54247233265650863;
a_1 = 7.54247233265650863;
a_2 = 7.54247233265650863;
a_3 = 7.54247233265650863;
a_4 = 7.54247233265650863;
a_5 = 7.54247233265650863;

% permutations defining the partial amplitudes
A_0 = 1 4 3 2 0;
A_1 = 1 3 4 2 0;
A_2 = 1 4 2 3 0;
A_3 = 1 2 4 3 0;
A_4 = 1 3 2 4 0;
A_5 = 1 2 3 4 0;


% dimension of the basis to rotate to
DIM_BASIS = 10;

% basis change matrix from trace basis to multiplet basis
TRAFO = 0.35355339059327373 -0.04419417382415922 0.35355339059327373 -0.04419417382415922 0.35355339059327373 0.35355339059327373 0.99999999999999978 0.12499999999999997 0.12499999999999997 0.00000000000000000 -0.26516504294495530 0.26516504294495530 0.26516504294495535 -0.26516504294495530 -0.26516504294495535 0.26516504294495530 0.00000000000000000 0.00000000000000000 0.00000000000000000 1.00000000000000000 0.19764235376052364 0.19764235376052369 0.19764235376052369 0.19764235376052364 0.19764235376052364 0.19764235376052369 0.00000000000000000 0.00000000000000000 0.00000000000000000 -0.00000000000000011 -0.56250000000000011 0.00000000000000000 0.56249999999999989 0.00000000000000000 0.56250000000000000 -0.56250000000000000 0.00000000000000000 0.35355339059327373 -0.35355339059327373 0.00000000000000000 0.41926274578121048 0.00000000000000003 0.41926274578121042 0.00000000000000003 -0.41926274578121042 -0.41926274578121053 0.00000000000000000 0.00000000000000000 0.00000000000000000 0.00000000000000000 -0.41926274578121053 0.00000000000000003 0.41926274578121053 -0.00000000000000001 -0.41926274578121042 0.41926274578121048 0.00000000000000000 0.00000000000000000 0.00000000000000000 0.00000000000000000 0.31249999999999994 -0.24999999999999989 0.31249999999999994 -0.24999999999999989 0.31249999999999994 0.31250000000000000 0.00000000000000000 0.35355339059327373 0.35355339059327373 0.00000000000000000 0.00000003557562384 0.00000000000000004 -0.00000003557562378 -0.00000000000000005 -0.00000003557562368 0.00000003557562372 0.00000000000000000 -0.55901701673562598 0.55901701673562598 0.00000000000000000 -0.00000000000000006 -0.59292706128157091 0.00000000000000001 0.59292706128157091 -0.00000000000000001 -0.00000000000000006 0.00000000000000000 0.00000000000000000 0.00000000000000000 0.00000000000000000 -0.00000000000000004 -0.68891899015776881 0.00000000000000003 -0.68891899015776870 0.00000000000000002 -0.00000000000000005 0.00000000000000003 -0.64951905283832889 -0.64951905283832889 0.00000000000000000;

% dimension of the colour space
DIM_CS = 10;

% colour metric aka soft matrix
METRIC = 0.99999999999999978 0.00000000000000000 0.00000000000000000 0.00000000000000000 0.00000000000000000 0.00000000000000000 0.00000000000000000 0.00000000000000000 0.00000000000000000 0.00000000000000000 0.00000000000000000 1.00000000000000000 0.00000000000000000 0.00000000000000000 0.00000000000000000 0.00000000000000000 0.00000000000000000 0.00000000000000000 0.00000000000000000 0.00000000000000000 0.00000000000000000 0.00000000000000000 1.00000000000000022 0.00000000000000000 0.00000000000000000 0.00000000000000000 0.00000000000000000 0.00000000000000000 0.00000000000000000 0.00000000000000000 0.00000000000000000 0.00000000000000000 0.00000000000000000 1.00000000000000000 0.00000000000000000 0.00000000000000000 0.00000000000000000 0.00000000000000000 0.00000000000000000 0.00000000000000000 0.00000000000000000 0.00000000000000000 0.00000000000000000 0.00000000000000000 1.00000000000000000 0.00000000000000000 0.00000000000000000 0.00000000000000000 0.00000000000000000 0.00000000000000000 0.00000000000000000 0.00000000000000000 0.00000000000000000 0.00000000000000000 0.00000000000000000 1.00000000000000000 0.00000000000000000 0.00000000000000000 0.00000000000000000 0.00000000000000000 0.00000000000000000 0.00000000000000000 0.00000000000000000 0.00000000000000000 0.00000000000000000 0.00000000000000000 1.00000000000000000 0.00000000000000000 0.00000000000000000 0.00000000000000000 0.00000000000000000 0.00000000000000000 0.00000000000000000 0.00000000000000000 0.00000000000000000 0.00000000000000000 0.00000000000000000 0.99999999999999967 0.00000000000000000 0.00000000000000000 0.00000000000000000 0.00000000000000000 0.00000000000000000 0.00000000000000000 0.00000000000000000 0.00000000000000000 0.00000000000000000 0.00000000000000000 1.00000000000000000 0.00000000000000000 0.00000000000000000 0.00000000000000000 0.00000000000000000 0.00000000000000000 0.00000000000000000 0.00000000000000000 0.00000000000000000 0.00000000000000000 0.00000000000000000 1.00000000000000000;

% colour change matrices
C_01 = 0.16666666666666663 0.00000000000000000 0.00000000000000000 0.00000000000000000 0.00000000000000000 0.00000000000000000 0.00000000000000000 0.00000000000000000 0.00000000000000000 0.00000000000000000 0.00000000000000000 -1.33333333333333348 0.00000000000000000 0.00000000000000000 0.00000000000000000 0.00000000000000000 0.00000000000000000 0.00000000000000000 0.00000000000000000 0.00000000000000000 0.00000000000000000 0.00000000000000000 -1.33333333333333348 0.00000000000000000 0.00000000000000000 0.00000000000000000 0.00000000000000000 0.00000000000000000 0.00000000000000000 0.00000000000000000 0.00000000000000000 0.00000000000000000 0.00000000000000000 0.16666666666666663 0.00000000000000000 0.00000000000000000 0.00000000000000000 0.00000000000000000 0.00000000000000000 0.00000000000000000 0.00000000000000000 0.00000000000000000 0.00000000000000000 0.00000000000000000 0.16666666666666663 0.00000000000000000 0.00000000000000000 0.00000000000000000 0.00000000000000000 0.00000000000000000 0.00000000000000000 0.00000000000000000 0.00000000000000000 0.00000000000000000 0.00000000000000000 0.16666666666666663 0.00000000000000000 0.00000000000000000 0.00000000000000000 0.00000000000000000 0.00000000000000000 0.00000000000000000 0.00000000000000000 0.00000000000000000 0.00000000000000000 0.00000000000000000 0.16666666666666663 0.00000000000000000 0.00000000000000000 0.00000000000000000 0.00000000000000000 0.00000000000000000 0.00000000000000000 0.00000000000000000 0.00000000000000000 0.00000000000000000 0.00000000000000000 0.16666666666666657 0.00000000000000000 0.00000000000000000 0.00000000000000000 0.00000000000000000 0.00000000000000000 0.00000000000000000 0.00000000000000000 0.00000000000000000 0.00000000000000000 0.00000000000000000 0.16666666666666663 0.00000000000000000 0.00000000000000000 0.00000000000000000 0.00000000000000000 0.00000000000000000 0.00000000000000000 0.00000000000000000 0.00000000000000000 0.00000000000000000 0.00000000000000000 0.16666666666666666;
C_02 = 0.00000000000000000 0.25000000000000000 0.00000000000000000 0.53033008588991060 0.00000000000000000 0.39528470752104738 0.00000000000000000 0.00000000000000000 0.00000000000000000 0.00000000000000000 0.25000000000000000 0.00000000000000000 0.00000000000000000 -0.35355339059327395 0.00000000000000000 0.00000000000000000 0.35355339059327384 0.00000000000000000 0.00000000000000000 0.43301270189221935 0.00000000000000000 0.00000000000000000 0.00000000000000000 0.00000000000000000 -0.35355339059327373 0.35355339059327379 0.00000000000000000 0.00000000000000000 0.50000000000000000 0.00000000000000000 0.53033008588991060 -0.35355339059327373 0.00000000000000000 -0.37500000000000011 0.27950849718747367 -0.27950849718747373 0.37500000000000011 0.00000000000000000 0.00000000000000000 -0.30618621784789724 0.00000000000000000 0.00000000000000000 -0.35355339059327384 0.27950849718747373 -0.37499999999999994 0.37500000000000017 -0.27950849718747367 0.35355337291560363 0.00000000000000000 0.00000000000000000 0.39528470752104727 0.00000000000000000 0.35355339059327384 -0.27950849718747367 0.37500000000000011 -0.37499999999999989 -0.16770509831248420 0.00000000000000000 0.00000000000000000 0.13693063937629157 0.00000000000000000 0.35355339059327379 0.00000000000000000 0.37500000000000011 -0.27950849718747373 -0.16770509831248420 -0.37500000000000000 -0.47434167274233829 -0.31622776601683794 0.00000000000000000 0.00000000000000000 0.00000000000000000 0.00000000000000000 0.00000000000000000 0.35355337291560346 0.00000000000000000 -0.47434167274233840 -0.74999999999999811 -0.24999999999999947 0.38729835398565754 0.00000000000000000 0.00000000000000000 0.50000000000000000 0.00000000000000000 0.00000000000000000 0.00000000000000000 -0.31622776601683777 -0.24999999999999944 -0.75000000000000000 -0.38729833462074170 0.00000000000000000 0.43301270189221935 0.00000000000000000 -0.30618621784789724 0.00000000000000000 0.13693063937629146 0.00000000000000000 0.38729835398565760 -0.38729833462074176 -0.99999999999999967;
C_03 = 0.00000000000000000 -0.25000000000000000 0.00000000000000000 -0.53033008588991060 0.00000000000000000 -0.39528470752104738 0.00000000000000000 0.00000000000000000 0.00000000000000000 0.00000000000000000 -0.25000000000000000 0.00000000000000000 0.00000000000000000 -0.35355339059327395 0.00000000000000000 0.00000000000000000 -0.35355339059327379 0.00000000000000000 0.00000000000000000 -0.43301270189221935 0.00000000000000000 0.00000000000000000 0.00000000000000000 0.00000000000000000 -0.35355339059327384 -0.35355339059327384 0.00000000000000000 0.00000000000000000 -0.50000000000000022 0.00000000000000000 -0.53033008588991060 -0.35355339059327373 0.00000000000000000 -0.37500000000000011 -0.27950849718747367 -0.27950849718747373 -0.37500000000000006 0.00000000000000000 0.00000000000000000 0.30618621784789735 0.00000000000000000 0.00000000000000000 -0.35355339059327384 -0.27950849718747367 -0.37500000000000022 -0.37499999999999989 -0.27950849718747367 -0.35355337291560357 0.00000000000000000 0.00000000000000000 -0.39528470752104727 0.00000000000000000 -0.35355339059327379 -0.27950849718747361 -0.37500000000000011 -0.37499999999999989 0.16770509831248420 0.00000000000000000 0.00000000000000000 -0.13693063937629152 0.00000000000000000 -0.35355339059327384 0.00000000000000000 -0.37500000000000017 -0.27950849718747367 0.16770509831248420 -0.37500000000000011 0.47434167274233807 0.31622776601683789 0.00000000000000000 0.00000000000000000 0.00000000000000000 0.00000000000000000 0.00000000000000000 -0.35355337291560351 0.00000000000000000 0.47434167274233813 -0.74999999999999822 -0.24999999999999942 -0.38729835398565754 0.00000000000000000 0.00000000000000000 -0.50000000000000011 0.00000000000000000 0.00000000000000000 0.00000000000000000 0.31622776601683811 -0.24999999999999950 -0.75000000000000011 0.38729833462074159 0.00000000000000000 -0.43301270189221935 0.00000000000000000 0.30618621784789729 0.00000000000000000 -0.13693063937629157 0.00000000000000000 -0.38729835398565760 0.38729833462074159 -0.99999999999999989;
C_04 = -1.49999999999999956 0.00000000000000000 0.00000000000000000 0.00000000000000000 0.00000000000000000 0.00000000000000000 0.00000000000000000 0.00000000000000000 0.00000000000000000 0.00000000000000000 0.00000000000000000 0.00000000000000000 0.00000000000000000 0.70710678118654757 0.00000000000000000 0.00000000000000000 0.00000000000000000 0.00000000000000000 0.00000000000000000 0.00000000000000000 0.00000000000000000 0.00000000000000000 0.00000000000000000 0.00000000000000000 0.70710678118654746 0.00000000000000000 0.00000000000000000 0.00000000000000000 0.00000000000000000 0.00000000000000000 0.00000000000000000 0.70710678118654757 0.00000000000000000 -0.75000000000000000 0.00000000000000000 0.55901699437494734 0.00000000000000000 0.00000000000000000 0.00000000000000000 0.00000000000000000 0.00000000000000000 0.00000000000000000 0.70710678118654746 0.00000000000000000 -0.75000000000000000 0.00000000000000000 0.55901699437494734 0.00000000000000000 0.00000000000000000 0.00000000000000000 0.00000000000000000 0.00000000000000000 0.00000000000000000 0.55901699437494734 0.00000000000000000 -0.74999999999999978 0.00000000000000000 0.00000000000000000 0.00000000000000000 0.00000000000000000 0.00000000000000000 0.00000000000000000 0.00000000000000000 0.00000000000000000 0.55901699437494723 0.00000000000000000 -0.75000000000000000 0.00000000000000000 0.00000000000000000 0.00000000000000000 0.00000000000000000 0.00000000000000000 0.00000000000000000 0.00000000000000000 0.00000000000000000 0.00000000000000000 0.00000000000000000 0.00000000000000000 0.49999999999999889 0.00000000000000000 0.00000000000000000 0.00000000000000000 0.00000000000000000 0.00000000000000000 0.00000000000000000 0.00000000000000000 0.00000000000000000 0.49999999999999878 0.00000000000000000 0.00000000000000000 0.00000000000000000 0.00000000000000000 0.00000000000000000 0.00000000000000000 0.00000000000000000 0.00000000000000000 0.00000000000000000 0.00000000000000000 0.00000000000000000 0.50000000000000022;
C_12 = 0.00000000000000000 -0.25000000000000000 0.00000000000000000 0.53033008588991060 0.00000000000000000 -0.39528470752104727 0.00000000000000000 0.00000000000000000 0.00000000000000000 0.00000000000000000 -0.25000000000000000 0.00000000000000000 0.00000000000000000 0.35355339059327395 0.00000000000000000 0.00000000000000000 -0.35355339059327384 0.00000000000000000 0.00000000000000000 -0.43301270189221935 0.00000000000000000 0.00000000000000000 0.00000000000000000 0.00000000000000000 0.35355339059327373 -0.35355339059327379 0.00000000000000000 0.00000000000000000 -0.50000000000000000 0.00000000000000000 0.53033008588991060 0.35355339059327373 0.00000000000000000 -0.37499999999999978 -0.27950849718747361 0.27950849718747378 0.37500000000000000 0.00000000000000000 0.00000000000000000 -0.30618621784789729 0.00000000000000000 0.00000000000000000 0.35355339059327384 -0.27950849718747373 -0.37499999999999989 0.37500000000000011 0.27950849718747373 -0.35355337291560357 0.00000000000000000 0.00000000000000000 -0.39528470752104738 0.00000000000000000 -0.35355339059327384 0.27950849718747361 0.37500000000000000 -0.37499999999999972 0.16770509831248426 0.00000000000000000 0.00000000000000000 -0.13693063937629146 0.00000000000000000 -0.35355339059327379 0.00000000000000000 0.37500000000000006 0.27950849718747373 0.16770509831248415 -0.37500000000000011 -0.47434167274233824 0.31622776601683777 0.00000000000000000 0.00000000000000000 0.00000000000000000 0.00000000000000000 0.00000000000000000 -0.35355337291560346 0.00000000000000000 -0.47434167274233818 -0.74999999999999845 0.24999999999999950 0.38729835398565771 0.00000000000000000 0.00000000000000000 -0.50000000000000000 0.00000000000000000 0.00000000000000000 0.00000000000000000 0.31622776601683800 0.24999999999999967 -0.75000000000000000 0.38729833462074170 0.00000000000000000 -0.43301270189221935 0.00000000000000000 -0.30618621784789724 0.00000000000000000 -0.13693063937629146 0.00000000000000000 0.38729835398565760 0.38729833462074176 -1.00000000000000000;
C_13 = 0.00000000000000000 0.25000000000000000 0.00000000000000000 -0.53033008588991060 0.00000000000000000 0.39528470752104727 0.00000000000000000 0.00000000000000000 0.00000000000000000 0.00000000000000000 0.25000000000000000 0.00000000000000000 0.00000000000000000 0.35355339059327395 0.00000000000000000 0.00000000000000000 0.35355339059327379 0.00000000000000000 0.00000000000000000 0.43301270189221935 0.00000000000000000 0.00000000000000000 0.00000000000000000 0.00000000000000000 0.35355339059327384 0.35355339059327384 0.00000000000000000 0.00000000000000000 0.50000000000000022 0.00000000000000000 -0.53033008588991060 0.35355339059327373 0.00000000000000000 -0.37499999999999978 0.27950849718747378 0.27950849718747378 -0.37500000000000006 0.00000000000000000 0.00000000000000000 0.30618621784789718 0.00000000000000000 0.00000000000000000 0.35355339059327384 0.27950849718747361 -0.37499999999999994 -0.37499999999999983 0.27950849718747367 0.35355337291560346 0.00000000000000000 0.00000000000000000 0.39528470752104738 0.00000000000000000 0.35355339059327379 0.27950849718747373 -0.37500000000000000 -0.37500000000000011 -0.16770509831248426 0.00000000000000000 0.00000000000000000 0.13693063937629163 0.00000000000000000 0.35355339059327384 0.00000000000000000 -0.37500000000000011 0.27950849718747367 -0.16770509831248404 -0.37499999999999989 0.47434167274233846 -0.31622776601683789 0.00000000000000000 0.00000000000000000 0.00000000000000000 0.00000000000000000 0.00000000000000000 0.35355337291560351 0.00000000000000000 0.47434167274233835 -0.74999999999999833 0.24999999999999958 -0.38729835398565765 0.00000000000000000 0.00000000000000000 0.50000000000000011 0.00000000000000000 0.00000000000000000 0.00000000000000000 -0.31622776601683789 0.24999999999999956 -0.75000000000000011 -0.38729833462074165 0.00000000000000000 0.43301270189221935 0.00000000000000000 0.30618621784789729 0.00000000000000000 0.13693063937629152 0.00000000000000000 -0.38729835398565760 -0.38729833462074170 -0.99999999999999978;
C_14 = -1.49999999999999956 0.00000000000000000 0.00000000000000000 0.00000000000000000 0.00000000000000000 0.00000000000000000 0.00000000000000000 0.00000000000000000 0.00000000000000000 0.00000000000000000 0.00000000000000000 0.00000000000000000 0.00000000000000000 -0.70710678118654757 0.00000000000000000 0.00000000000000000 0.00000000000000000 0.00000000000000000 0.00000000000000000 0.00000000000000000 0.00000000000000000 0.00000000000000000 0.00000000000000000 0.00000000000000000 -0.70710678118654746 0.00000000000000000 0.00000000000000000 0.00000000000000000 0.00000000000000000 0.00000000000000000 0.00000000000000000 -0.70710678118654757 0.00000000000000000 -0.75000000000000011 0.00000000000000000 -0.55901699437494734 0.00000000000000000 0.00000000000000000 0.00000000000000000 0.00000000000000000 0.00000000000000000 0.00000000000000000 -0.70710678118654746 0.00000000000000000 -0.74999999999999989 0.00000000000000000 -0.55901699437494734 0.00000000000000000 0.00000000000000000 0.00000000000000000 0.00000000000000000 0.00000000000000000 0.00000000000000000 -0.55901699437494734 0.00000000000000000 -0.74999999999999978 0.00000000000000000 0.00000000000000000 0.00000000000000000 0.00000000000000000 0.00000000000000000 0.00000000000000000 0.00000000000000000 0.00000000000000000 -0.55901699437494745 0.00000000000000000 -0.75000000000000011 0.00000000000000000 0.00000000000000000 0.00000000000000000 0.00000000000000000 0.00000000000000000 0.00000000000000000 0.00000000000000000 0.00000000000000000 0.00000000000000000 0.00000000000000000 0.00000000000000000 -0.49999999999999900 0.00000000000000000 0.00000000000000000 0.00000000000000000 0.00000000000000000 0.00000000000000000 0.00000000000000000 0.00000000000000000 0.00000000000000000 -0.49999999999999900 0.00000000000000000 0.00000000000000000 0.00000000000000000 0.00000000000000000 0.00000000000000000 0.00000000000000000 0.00000000000000000 0.00000000000000000 0.00000000000000000 0.00000000000000000 0.00000000000000000 0.50000000000000022;
C_23 = -2.99999999999999911 0.00000000000000000 0.00000000000000000 0.00000000000000000 0.00000000000000000 0.00000000000000000 0.00000000000000000 0.00000000000000000 0.00000000000000000 0.00000000000000000 0.00000000000000000 -1.50000000000000000 0.00000000000000000 0.00000000000000000 0.00000000000000000 0.00000000000000000 0.00000000000000000 0.00000000000000000 0.00000000000000000 0.00000000000000000 0.00000000000000000 0.00000000000000000 -1.50000000000000044 0.00000000000000000 0.00000000000000000 0.00000000000000000 0.00000000000000000 0.00000000000000000 0.00000000000000000 0.00000000000000000 0.00000000000000000 0.00000000000000000 0.00000000000000000 -1.50000000000000000 0.00000000000000000 0.00000000000000000 0.00000000000000000 0.00000000000000000 0.00000000000000000 0.00000000000000000 0.00000000000000000 0.00000000000000000 0.00000000000000000 0.00000000000000000 -1.50000000000000000 0.00000000000000000 0.00000000000000000 0.00000000000000000 0.00000000000000000 0.00000000000000000 0.00000000000000000 0.00000000000000000 0.00000000000000000 0.00000000000000000 0.00000000000000000 -1.50000000000000000 0.00000000000000000 0.00000000000000000 0.00000000000000000 0.00000000000000000 0.00000000000000000 0.00000000000000000 0.00000000000000000 0.00000000000000000 0.00000000000000000 0.00000000000000000 -1.50000000000000022 0.00000000000000000 0.00000000000000000 0.00000000000000000 0.00000000000000000 0.00000000000000000 0.00000000000000000 0.00000000000000000 0.00000000000000000 0.00000000000000000 0.00000000000000000 0.00000000000000000 0.00000000000000000 0.00000000000000000 0.00000000000000000 0.00000000000000000 0.00000000000000000 0.00000000000000000 0.00000000000000000 0.00000000000000000 0.00000000000000000 0.00000000000000000 0.00000000000000000 0.00000000000000000 0.00000000000000000 0.00000000000000000 0.00000000000000000 0.00000000000000000 0.00000000000000000 0.00000000000000000 0.00000000000000000 0.00000000000000000 0.00000000000000000 1.00000000000000044;
C_24 = 0.00000000000000000 0.00000000000000000 0.00000000000000000 -1.06066017177982119 0.00000000000000000 0.00000000000000000 0.00000000000000000 0.00000000000000000 0.00000000000000000 0.00000000000000000 0.00000000000000000 -1.50000000000000000 0.00000000000000000 0.00000000000000000 0.00000000000000000 0.00000000000000000 0.00000000000000000 0.00000000000000000 0.00000000000000000 0.00000000000000000 0.00000000000000000 0.00000000000000000 -1.50000000000000044 0.00000000000000000 0.00000000000000000 0.00000000000000000 0.00000000000000000 0.00000000000000000 0.00000000000000000 0.00000000000000000 -1.06066017177982119 0.00000000000000000 0.00000000000000000 -0.75000000000000022 0.00000000000000000 0.00000000000000000 -0.75000000000000022 0.00000000000000000 0.00000000000000000 0.61237243569579447 0.00000000000000000 0.00000000000000000 0.00000000000000000 0.00000000000000000 -0.74999999999999978 -0.75000000000000000 0.00000000000000000 0.00000000000000000 0.00000000000000000 0.00000000000000000 0.00000000000000000 0.00000000000000000 0.00000000000000000 0.00000000000000000 -0.75000000000000022 -0.74999999999999989 0.00000000000000000 0.00000000000000000 0.00000000000000000 0.00000000000000000 0.00000000000000000 0.00000000000000000 0.00000000000000000 -0.74999999999999989 0.00000000000000000 0.00000000000000000 -0.75000000000000011 0.94868334548467692 0.00000000000000000 0.00000000000000000 0.00000000000000000 0.00000000000000000 0.00000000000000000 0.00000000000000000 0.00000000000000000 0.00000000000000000 0.94868334548467681 -1.49999999999999645 0.00000000000000000 -0.77459670797131497 0.00000000000000000 0.00000000000000000 0.00000000000000000 0.00000000000000000 0.00000000000000000 0.00000000000000000 0.00000000000000000 0.00000000000000000 -1.50000000000000000 0.00000000000000000 0.00000000000000000 0.00000000000000000 0.00000000000000000 0.61237243569579425 0.00000000000000000 0.00000000000000000 0.00000000000000000 -0.77459670797131519 0.00000000000000000 -2.00000000000000044;
C_34 = 0.00000000000000000 0.00000000000000000 0.00000000000000000 1.06066017177982119 0.00000000000000000 0.00000000000000000 0.00000000000000000 0.00000000000000000 0.00000000000000000 0.00000000000000000 0.00000000000000000 -1.50000000000000000 0.00000000000000000 0.00000000000000000 0.00000000000000000 0.00000000000000000 0.00000000000000000 0.00000000000000000 0.00000000000000000 0.00000000000000000 0.00000000000000000 0.00000000000000000 -1.50000000000000044 0.00000000000000000 0.00000000000000000 0.00000000000000000 0.00000000000000000 0.00000000000000000 0.00000000000000000 0.00000000000000000 1.06066017177982119 0.00000000000000000 0.00000000000000000 -0.75000000000000022 0.00000000000000000 0.00000000000000000 0.75000000000000000 0.00000000000000000 0.00000000000000000 -0.61237243569579458 0.00000000000000000 0.00000000000000000 0.00000000000000000 0.00000000000000000 -0.74999999999999956 0.75000000000000000 0.00000000000000000 0.00000000000000000 0.00000000000000000 0.00000000000000000 0.00000000000000000 0.00000000000000000 0.00000000000000000 0.00000000000000000 0.75000000000000000 -0.74999999999999978 0.00000000000000000 0.00000000000000000 0.00000000000000000 0.00000000000000000 0.00000000000000000 0.00000000000000000 0.00000000000000000 0.75000000000000000 0.00000000000000000 0.00000000000000000 -0.75000000000000011 -0.94868334548467681 0.00000000000000000 0.00000000000000000 0.00000000000000000 0.00000000000000000 0.00000000000000000 0.00000000000000000 0.00000000000000000 0.00000000000000000 -0.94868334548467670 -1.49999999999999734 0.00000000000000000 0.77459670797131563 0.00000000000000000 0.00000000000000000 0.00000000000000000 0.00000000000000000 0.00000000000000000 0.00000000000000000 0.00000000000000000 0.00000000000000000 -1.50000000000000044 0.00000000000000000 0.00000000000000000 0.00000000000000000 0.00000000000000000 -0.61237243569579447 0.00000000000000000 0.00000000000000000 0.00000000000000000 0.77459670797131519 0.00000000000000000 -2.00000000000000044;
