% number of basis vectors with non-zero coefficient
SIZE_CONNECTED = 14;

% prefactors of the partial amplitude in total amplitude
a_0 = 8.00000000000000178;
a_1 = 8.00000000000000178;
a_2 = 8.00000000000000178;
a_3 = 8.00000000000000178;
a_4 = 8.00000000000000178;
a_5 = 8.00000000000000178;
a_6 = 8.00000000000000178;
a_7 = 8.00000000000000178;
a_8 = 8.00000000000000178;
a_9 = 8.00000000000000178;
a_10 = 8.00000000000000178;
a_11 = 8.00000000000000178;
a_12 = 16.97056274847714263;
a_13 = 16.97056274847714263;

% permutations defining the partial amplitudes
A_0 = 0 4 5 2 1 3;
A_1 = 0 4 5 3 1 2;
A_2 = 0 5 4 2 1 3;
A_3 = 0 5 4 3 1 2;
A_4 = 1 4 5 2 0 3;
A_5 = 1 4 5 3 0 2;
A_6 = 1 5 4 2 0 3;
A_7 = 1 5 4 3 0 2;
A_8 = 0 4 2 1 5 3;
A_9 = 0 4 3 1 5 2;
A_10 = 0 5 2 1 4 3;
A_11 = 0 5 3 1 4 2;
A_12 = 0 2 1 3 4 5;
A_13 = 0 3 1 2 4 5;


% dimension of the basis to rotate to
DIM_BASIS = 14;

% basis change matrix from trace basis to multiplet basis
TRAFO = 0.00000000000000000 0.33333333333333331 0.00000000000000000 -0.04166666666666666 -0.04166666666666666 0.00000000000000000 0.33333333333333331 0.00000000000000000 1.00000000000000000 0.33333333333333331 0.12500000000000000 0.33333333333333331 0.00000000000000000 0.11785113019775793 0.35355339059327379 0.11785113019775793 0.35355339059327379 0.11785113019775793 0.11785113019775793 0.35355339059327379 0.11785113019775793 0.35355339059327379 0.00000000000000000 0.11785113019775793 0.00000000000000000 0.11785113019775793 1.00000000000000000 0.33333333333333337 0.00000000000000000 0.18633899812498245 0.00000000000000000 0.18633899812498247 0.18633899812498245 0.55901699437494745 0.18633899812498247 0.55901699437494745 0.00000000000000000 0.18633899812498253 0.00000000000000000 0.18633899812498250 0.00000000000000000 0.00000000000000000 0.00000000000000000 0.25000000000000000 0.00000000000000000 -0.25000000000000000 0.25000000000000000 0.75000000000000000 -0.25000000000000000 -0.75000000000000000 0.00000000000000000 -0.25000000000000000 0.00000000000000000 0.25000000000000000 0.00000000000000000 0.00000000000000000 0.55901699437494745 0.18633899812498245 0.55901699437494745 0.18633899812498247 0.18633899812498245 0.00000000000000000 0.18633899812498247 0.00000000000000000 0.00000000000000000 0.18633899812498245 0.00000000000000000 0.18633899812498247 0.00000000000000000 0.00000000000000000 0.00000000000000000 0.29462782549439470 0.00000000000000000 -0.23570226039551578 -0.23570226039551584 0.00000000000000000 0.29462782549439492 0.00000000000000000 0.00000000000000011 0.29462782549439470 0.35355339059327379 0.29462782549439487 0.00000000000000000 0.33333333333333337 0.00000000000000000 0.39528470752104744 0.00000000000000000 -0.00000000000000003 -0.00000000000000001 0.00000000000000000 -0.39528470752104738 0.00000000000000000 0.00000000000000000 -0.39528470752104744 0.00000000000000000 0.39528470752104738 0.00000000000000000 0.00000000000000000 0.75000000000000000 0.25000000000000000 -0.75000000000000000 -0.25000000000000000 0.25000000000000000 0.00000000000000000 -0.25000000000000000 0.00000000000000000 0.00000000000000000 0.25000000000000000 0.00000000000000000 -0.25000000000000000 0.00000000000000000 0.00000000000000000 0.00000000000000000 0.39528470752104727 0.00000000000000000 0.00000000000000000 -0.00000000000000003 0.00000000000000000 -0.39528470752104738 0.00000000000000000 0.00000000000000000 0.39528470752104738 0.00000000000000000 -0.39528470752104727 0.00000000000000000 0.00000000000000000 0.00000000000000000 0.53033008588991071 0.00000000000000000 -0.00000000000000001 -0.00000000000000001 0.00000000000000000 0.53033008588991060 0.00000000000000000 0.00000000000000000 -0.53033008588991071 -0.35355339059327379 -0.53033008588991071 0.00000000000000000 0.33333333333333337 0.00000000000000000 0.00000000000000000 0.00000000000000000 0.39528470752104750 -0.39528470752104738 0.00000000000000000 0.00000000000000006 0.00000000000000000 0.00000000000000000 -0.00000000000000011 -0.39528470752104761 -0.00000000000000002 0.00000000000000000 0.37267799624996506 0.00000000000000000 0.00000000000000011 0.00000000000000000 -0.39528470752104761 0.39528470752104744 0.00000000000000000 0.00000000000000006 0.00000000000000000 0.00000000000000000 -0.00000000000000003 -0.39528470752104738 0.00000000000000003 0.00000000000000000 0.37267799624996506 0.00000000000000000 -0.00000000000000001 0.00000000000000000 0.64951905283832889 0.64951905283832900 0.00000000000000000 0.00000000000000000 0.00000000000000000 0.00000000000000000 -0.00000000000000001 0.64951905283832900 -0.00000000000000000 0.00000000000000000 0.61237243569579458;

% dimension of the colour space
DIM_CS = 13;

% colour metric aka soft matrix
METRIC = 1.00000000000000000 0.00000000000000000 0.00000000000000000 0.00000000000000000 0.00000000000000000 0.00000000000000000 0.00000000000000000 0.00000000000000000 0.00000000000000000 0.00000000000000000 0.00000000000000000 0.00000000000000000 0.00000000000000000 0.00000000000000000 1.00000000000000000 0.00000000000000000 0.00000000000000000 0.00000000000000000 0.00000000000000000 0.00000000000000000 0.00000000000000000 0.00000000000000000 0.00000000000000000 0.00000000000000000 0.00000000000000000 0.00000000000000000 0.00000000000000000 0.00000000000000000 1.00000000000000000 0.00000000000000000 0.00000000000000000 0.00000000000000000 0.00000000000000000 0.00000000000000000 0.00000000000000000 0.00000000000000000 0.00000000000000000 0.00000000000000000 0.00000000000000000 0.00000000000000000 0.00000000000000000 0.00000000000000000 1.00000000000000000 0.00000000000000000 0.00000000000000000 0.00000000000000000 0.00000000000000000 0.00000000000000000 0.00000000000000000 0.00000000000000000 0.00000000000000000 0.00000000000000000 0.00000000000000000 0.00000000000000000 0.00000000000000000 0.00000000000000000 1.00000000000000000 0.00000000000000000 0.00000000000000000 0.00000000000000000 0.00000000000000000 0.00000000000000000 0.00000000000000000 0.00000000000000000 0.00000000000000000 0.00000000000000000 0.00000000000000000 0.00000000000000000 0.00000000000000000 0.00000000000000000 1.00000000000000000 0.00000000000000000 0.00000000000000000 0.00000000000000000 0.00000000000000000 0.00000000000000000 0.00000000000000000 0.00000000000000000 0.00000000000000000 0.00000000000000000 0.00000000000000000 0.00000000000000000 0.00000000000000000 0.00000000000000000 1.00000000000000022 0.00000000000000000 0.00000000000000000 0.00000000000000000 0.00000000000000000 0.00000000000000000 0.00000000000000000 0.00000000000000000 0.00000000000000000 0.00000000000000000 0.00000000000000000 0.00000000000000000 0.00000000000000000 0.00000000000000000 1.00000000000000000 0.00000000000000000 0.00000000000000000 0.00000000000000000 0.00000000000000000 0.00000000000000000 0.00000000000000000 0.00000000000000000 0.00000000000000000 0.00000000000000000 0.00000000000000000 0.00000000000000000 0.00000000000000000 0.00000000000000000 1.00000000000000022 0.00000000000000000 0.00000000000000000 0.00000000000000000 0.00000000000000000 0.00000000000000000 0.00000000000000000 0.00000000000000000 0.00000000000000000 0.00000000000000000 0.00000000000000000 0.00000000000000000 0.00000000000000000 0.00000000000000000 1.00000000000000000 0.00000000000000000 0.00000000000000000 0.00000000000000000 0.00000000000000000 0.00000000000000000 0.00000000000000000 0.00000000000000000 0.00000000000000000 0.00000000000000000 0.00000000000000000 0.00000000000000000 0.00000000000000000 0.00000000000000000 0.99999999999999989 0.00000000000000000 0.00000000000000000 0.00000000000000000 0.00000000000000000 0.00000000000000000 0.00000000000000000 0.00000000000000000 0.00000000000000000 0.00000000000000000 0.00000000000000000 0.00000000000000000 0.00000000000000000 0.00000000000000000 0.99999999999999989 0.00000000000000000 0.00000000000000000 0.00000000000000000 0.00000000000000000 0.00000000000000000 0.00000000000000000 0.00000000000000000 0.00000000000000000 0.00000000000000000 0.00000000000000000 0.00000000000000000 0.00000000000000000 0.00000000000000000 1.00000000000000022;

% colour change matrices
C_01 = 0.00000000000000000 0.05892556509887897 0.09316949906249127 0.12500000000000000 0.09316949906249125 0.14731391274719746 0.19764235376052369 -0.12500000000000000 -0.19764235376052364 -0.26516504294495535 0.00000000000000000 0.00000000000000000 0.00000000000000000 0.05892556509887897 0.00000000000000000 0.00000000000000000 0.00000000000000000 0.00000000000000000 0.16666666666666669 0.00000000000000000 0.00000000000000000 0.00000000000000000 0.16666666666666669 0.18633899812498247 0.18633899812498253 0.30618621784789729 0.09316949906249125 0.00000000000000000 0.00000000000000000 0.00000000000000000 0.16666666666666666 -0.07905694150420958 0.17677669529663692 0.00000000000000000 0.17677669529663681 0.13176156917368248 0.05892556509887900 -0.29462782549439487 0.09682458365518544 0.12500000000000000 0.00000000000000000 0.00000000000000000 0.00000000000000000 0.00000000000000000 0.17677669529663692 0.13176156917368248 0.16666666666666666 0.13176156917368245 0.17677669529663695 -0.13176156917368251 0.13176156917368254 -0.21650635094610965 0.09316949906249127 0.00000000000000000 0.16666666666666666 0.00000000000000000 0.00000000000000000 -0.07905694150420958 -0.17677669529663687 0.00000000000000000 -0.17677669529663687 0.13176156917368248 -0.29462782549439481 0.05892556509887896 0.09682458365518545 0.14731391274719741 0.16666666666666669 -0.07905694150420950 0.17677669529663687 -0.07905694150420947 -0.15000000000000019 -0.22360679774997899 -0.17677669529663687 0.22360679774997888 -0.08333333333333334 -0.09316949906249124 -0.09316949906249127 0.03061862178478967 0.19764235376052372 0.00000000000000000 0.17677669529663698 0.13176156917368254 -0.17677669529663681 -0.22360679774997907 -0.24999999999999986 0.13176156917368248 -0.08333333333333329 0.00000000000000000 0.20833333333333337 0.04166666666666666 -0.06846531968814576 -0.12500000000000000 0.00000000000000000 0.00000000000000000 0.16666666666666666 0.00000000000000000 -0.17677669529663687 0.13176156917368245 0.00000000000000000 0.13176156917368248 -0.17677669529663687 -0.13176156917368248 0.13176156917368248 0.21650635094610965 -0.19764235376052369 0.00000000000000000 0.17677669529663687 0.13176156917368251 -0.17677669529663687 0.22360679774997899 -0.08333333333333331 0.13176156917368254 -0.24999999999999992 0.00000000000000000 -0.04166666666666669 -0.20833333333333343 0.06846531968814579 -0.26516504294495535 0.16666666666666669 0.13176156917368248 0.17677669529663689 0.13176156917368251 -0.08333333333333341 0.00000000000000000 -0.17677669529663689 0.00000000000000000 -0.08333333333333337 0.09316949906249125 0.09316949906249122 -0.15309310892394870 0.00000000000000000 0.18633899812498253 0.05892556509887897 -0.13176156917368248 -0.29462782549439487 -0.09316949906249124 0.20833333333333334 -0.13176156917368254 -0.04166666666666663 0.09316949906249120 -0.33333333333333343 0.00000000000000000 0.00000000000000000 0.00000000000000000 0.18633899812498253 -0.29462782549439487 0.13176156917368251 0.05892556509887899 -0.09316949906249118 0.04166666666666672 0.13176156917368256 -0.20833333333333329 0.09316949906249129 0.00000000000000000 -0.33333333333333331 0.00000000000000000 0.00000000000000000 0.30618621784789729 0.09682458365518543 -0.21650635094610965 0.09682458365518540 0.03061862178478963 -0.06846531968814575 0.21650635094610965 0.06846531968814575 -0.15309310892394865 0.00000000000000000 0.00000000000000000 -0.26666666666666672;
C_02 = 0.16666666666666663 0.00000000000000000 0.00000000000000000 0.00000000000000000 0.00000000000000000 0.00000000000000000 0.00000000000000000 0.00000000000000000 0.00000000000000000 0.00000000000000000 0.00000000000000000 0.00000000000000000 0.00000000000000000 0.00000000000000000 -1.33333333333333348 0.00000000000000000 0.00000000000000000 0.00000000000000000 0.00000000000000000 0.00000000000000000 0.00000000000000000 0.00000000000000000 0.00000000000000000 0.00000000000000000 0.00000000000000000 0.00000000000000000 0.00000000000000000 0.00000000000000000 -1.33333333333333326 0.00000000000000000 0.00000000000000000 0.00000000000000000 0.00000000000000000 0.00000000000000000 0.00000000000000000 0.00000000000000000 0.00000000000000000 0.00000000000000000 0.00000000000000000 0.00000000000000000 0.00000000000000000 0.00000000000000000 -1.33333333333333326 0.00000000000000000 0.00000000000000000 0.00000000000000000 0.00000000000000000 0.00000000000000000 0.00000000000000000 0.00000000000000000 0.00000000000000000 0.00000000000000000 0.00000000000000000 0.00000000000000000 0.00000000000000000 0.00000000000000000 0.16666666666666663 0.00000000000000000 0.00000000000000000 0.00000000000000000 0.00000000000000000 0.00000000000000000 0.00000000000000000 0.00000000000000000 0.00000000000000000 0.00000000000000000 0.00000000000000000 0.00000000000000000 0.00000000000000000 0.00000000000000000 0.16666666666666663 0.00000000000000000 0.00000000000000000 0.00000000000000000 0.00000000000000000 0.00000000000000000 0.00000000000000000 0.00000000000000000 0.00000000000000000 0.00000000000000000 0.00000000000000000 0.00000000000000000 0.00000000000000000 0.00000000000000000 0.16666666666666663 0.00000000000000000 0.00000000000000000 0.00000000000000000 0.00000000000000000 0.00000000000000000 0.00000000000000000 0.00000000000000000 0.00000000000000000 0.00000000000000000 0.00000000000000000 0.00000000000000000 0.00000000000000000 0.00000000000000000 0.16666666666666663 0.00000000000000000 0.00000000000000000 0.00000000000000000 0.00000000000000000 0.00000000000000000 0.00000000000000000 0.00000000000000000 0.00000000000000000 0.00000000000000000 0.00000000000000000 0.00000000000000000 0.00000000000000000 0.00000000000000000 0.16666666666666663 0.00000000000000000 0.00000000000000000 0.00000000000000000 0.00000000000000000 0.00000000000000000 0.00000000000000000 0.00000000000000000 0.00000000000000000 0.00000000000000000 0.00000000000000000 0.00000000000000000 0.00000000000000000 0.00000000000000000 0.16666666666666663 0.00000000000000000 0.00000000000000000 0.00000000000000000 0.00000000000000000 0.00000000000000000 0.00000000000000000 0.00000000000000000 0.00000000000000000 0.00000000000000000 0.00000000000000000 0.00000000000000000 0.00000000000000000 0.00000000000000000 0.16666666666666663 0.00000000000000000 0.00000000000000000 0.00000000000000000 0.00000000000000000 0.00000000000000000 0.00000000000000000 0.00000000000000000 0.00000000000000000 0.00000000000000000 0.00000000000000000 0.00000000000000000 0.00000000000000000 0.00000000000000000 0.16666666666666669 0.00000000000000000 0.00000000000000000 0.00000000000000000 0.00000000000000000 0.00000000000000000 0.00000000000000000 0.00000000000000000 0.00000000000000000 0.00000000000000000 0.00000000000000000 0.00000000000000000 0.00000000000000000 0.00000000000000000 0.16666666666666671;
C_03 = 0.00000000000000000 -0.05892556509887897 -0.09316949906249122 0.12500000000000000 -0.09316949906249125 -0.14731391274719741 0.19764235376052375 0.12500000000000000 0.19764235376052369 -0.26516504294495530 0.00000000000000000 0.00000000000000000 0.00000000000000000 -0.05892556509887897 0.00000000000000000 0.00000000000000000 0.00000000000000000 0.00000000000000000 -0.16666666666666669 0.00000000000000000 0.00000000000000000 0.00000000000000000 -0.16666666666666669 -0.18633899812498247 -0.18633899812498253 -0.30618621784789729 -0.09316949906249124 0.00000000000000000 0.00000000000000000 0.00000000000000000 -0.16666666666666666 0.07905694150420955 0.17677669529663687 0.00000000000000000 0.17677669529663698 -0.13176156917368248 0.29462782549439481 -0.05892556509887900 -0.09682458365518545 0.12500000000000000 0.00000000000000000 0.00000000000000000 0.00000000000000000 0.00000000000000000 0.17677669529663692 -0.13176156917368245 -0.16666666666666666 -0.13176156917368245 0.17677669529663684 0.13176156917368248 -0.13176156917368248 -0.21650635094610965 -0.09316949906249127 0.00000000000000000 -0.16666666666666666 0.00000000000000000 0.00000000000000000 0.07905694150420958 0.17677669529663687 0.00000000000000000 0.17677669529663687 -0.13176156917368248 0.29462782549439481 -0.05892556509887896 -0.09682458365518545 -0.14731391274719741 -0.16666666666666669 0.07905694150420958 0.17677669529663692 0.07905694150420947 -0.22499999999999995 0.05590169943749469 0.17677669529663687 0.05590169943749480 -0.29166666666666646 -0.46584749531245628 -0.01863389981249822 -0.03061862178478965 0.19764235376052369 0.00000000000000000 0.17677669529663681 -0.13176156917368254 0.17677669529663681 0.05590169943749478 -0.12500000000000011 -0.13176156917368248 -0.29166666666666663 0.27950849718747356 -0.20833333333333337 -0.04166666666666669 -0.06846531968814581 0.12500000000000000 0.00000000000000000 0.00000000000000000 -0.16666666666666666 0.00000000000000000 0.17677669529663687 -0.13176156917368245 0.00000000000000000 -0.13176156917368248 0.17677669529663687 0.13176156917368248 -0.13176156917368248 -0.21650635094610965 0.19764235376052375 0.00000000000000000 0.17677669529663692 -0.13176156917368248 0.17677669529663687 0.05590169943749483 -0.29166666666666685 -0.13176156917368254 -0.12500000000000022 0.27950849718747373 -0.20833333333333337 -0.04166666666666673 -0.06846531968814579 -0.26516504294495535 -0.16666666666666669 -0.13176156917368254 0.17677669529663689 -0.13176156917368251 -0.29166666666666663 0.27950849718747389 0.17677669529663689 0.27950849718747378 -0.29166666666666657 -0.09316949906249122 -0.09316949906249114 -0.15309310892394865 0.00000000000000000 -0.18633899812498253 0.29462782549439487 0.13176156917368248 0.29462782549439487 -0.46584749531245634 -0.20833333333333337 0.13176156917368254 -0.20833333333333331 -0.09316949906249120 -0.66666666666666685 0.00000000000000000 0.00000000000000000 0.00000000000000000 -0.18633899812498253 -0.05892556509887903 -0.13176156917368248 -0.05892556509887899 -0.01863389981249824 -0.04166666666666662 -0.13176156917368256 -0.04166666666666662 -0.09316949906249120 0.00000000000000000 -0.16666666666666666 -0.54772255750516619 0.00000000000000000 -0.30618621784789729 -0.09682458365518541 -0.21650635094610968 -0.09682458365518540 -0.03061862178478966 -0.06846531968814573 -0.21650635094610965 -0.06846531968814576 -0.15309310892394862 0.00000000000000000 -0.54772255750516630 -0.73333333333333339;
C_04 = -1.50000000000000000 0.00000000000000000 0.00000000000000000 0.00000000000000000 0.00000000000000000 0.00000000000000000 0.00000000000000000 0.00000000000000000 0.00000000000000000 0.00000000000000000 0.00000000000000000 0.00000000000000000 0.00000000000000000 0.00000000000000000 0.00000000000000000 0.00000000000000000 0.00000000000000000 0.00000000000000000 0.00000000000000000 0.00000000000000000 -0.70710678118654757 0.00000000000000000 0.00000000000000000 0.00000000000000000 0.00000000000000000 0.00000000000000000 0.00000000000000000 0.00000000000000000 0.00000000000000000 0.00000000000000000 0.00000000000000000 0.00000000000000000 0.00000000000000000 0.00000000000000000 -0.70710678118654757 0.00000000000000000 0.00000000000000000 0.00000000000000000 0.00000000000000000 0.00000000000000000 0.00000000000000000 0.00000000000000000 0.00000000000000000 0.00000000000000000 0.00000000000000000 0.00000000000000000 0.00000000000000000 0.00000000000000000 -0.70710678118654757 0.00000000000000000 0.00000000000000000 0.00000000000000000 0.00000000000000000 0.00000000000000000 0.00000000000000000 0.00000000000000000 -0.75000000000000011 0.00000000000000000 0.00000000000000000 -0.55901699437494734 0.00000000000000000 0.00000000000000000 0.00000000000000000 0.00000000000000000 0.00000000000000000 0.00000000000000000 0.00000000000000000 0.00000000000000000 0.00000000000000000 0.00000000000000000 -0.74999999999999978 0.00000000000000000 0.00000000000000000 -0.55901699437494756 0.00000000000000000 0.00000000000000000 0.00000000000000000 0.00000000000000000 0.00000000000000000 0.00000000000000000 0.00000000000000000 0.00000000000000000 0.00000000000000000 0.00000000000000000 -0.75000000000000000 0.00000000000000000 0.00000000000000000 -0.55901699437494778 0.00000000000000000 0.00000000000000000 0.00000000000000000 0.00000000000000000 -0.70710678118654757 0.00000000000000000 0.00000000000000000 -0.55901699437494745 0.00000000000000000 0.00000000000000000 -0.74999999999999978 0.00000000000000000 0.00000000000000000 0.00000000000000000 0.00000000000000000 0.00000000000000000 0.00000000000000000 0.00000000000000000 -0.70710678118654757 0.00000000000000000 0.00000000000000000 -0.55901699437494745 0.00000000000000000 0.00000000000000000 -0.75000000000000000 0.00000000000000000 0.00000000000000000 0.00000000000000000 0.00000000000000000 0.00000000000000000 0.00000000000000000 0.00000000000000000 -0.70710678118654757 0.00000000000000000 0.00000000000000000 -0.55901699437494734 0.00000000000000000 0.00000000000000000 -0.75000000000000000 0.00000000000000000 0.00000000000000000 0.00000000000000000 0.00000000000000000 0.00000000000000000 0.00000000000000000 0.00000000000000000 0.00000000000000000 0.00000000000000000 0.00000000000000000 0.00000000000000000 0.00000000000000000 0.00000000000000000 0.50000000000000022 0.00000000000000000 0.00000000000000000 0.00000000000000000 0.00000000000000000 0.00000000000000000 0.00000000000000000 0.00000000000000000 0.00000000000000000 0.00000000000000000 0.00000000000000000 0.00000000000000000 0.00000000000000000 0.00000000000000000 -0.49999999999999994 0.00000000000000000 0.00000000000000000 0.00000000000000000 0.00000000000000000 0.00000000000000000 0.00000000000000000 0.00000000000000000 0.00000000000000000 0.00000000000000000 0.00000000000000000 0.00000000000000000 0.00000000000000000 0.00000000000000000 0.50000000000000022;
C_05 = 0.00000000000000000 0.00000000000000000 0.00000000000000000 -0.25000000000000000 0.00000000000000000 0.00000000000000000 -0.39528470752104727 0.00000000000000000 0.00000000000000000 0.53033008588991060 0.00000000000000000 0.00000000000000000 0.00000000000000000 0.00000000000000000 0.00000000000000000 0.00000000000000000 0.00000000000000000 0.00000000000000000 0.00000000000000000 0.00000000000000000 0.70710678118654757 0.00000000000000000 0.00000000000000000 0.00000000000000000 0.00000000000000000 0.00000000000000000 0.00000000000000000 0.00000000000000000 0.00000000000000000 0.00000000000000000 0.00000000000000000 0.00000000000000000 -0.35355339059327379 0.00000000000000000 0.35355339059327373 0.00000000000000000 -0.35355339059327373 0.35355339059327373 0.00000000000000000 -0.25000000000000000 0.00000000000000000 0.00000000000000000 0.00000000000000000 0.00000000000000000 -0.35355339059327384 0.00000000000000000 0.00000000000000000 0.00000000000000000 0.35355339059327395 0.00000000000000000 0.00000000000000000 0.43301270189221924 0.00000000000000000 0.00000000000000000 0.00000000000000000 0.00000000000000000 -0.75000000000000000 0.00000000000000000 0.00000000000000000 0.55901699437494745 0.00000000000000000 0.00000000000000000 0.00000000000000000 0.00000000000000000 0.00000000000000000 0.00000000000000000 0.00000000000000000 0.00000000000000000 -0.35355339059327384 0.00000000000000000 -0.37499999999999983 0.16770509831248434 0.00000000000000000 0.27950849718747373 0.37500000000000022 0.55901699437494745 0.11180339887498952 0.00000000000000000 -0.39528470752104738 0.00000000000000000 -0.35355339059327384 0.00000000000000000 0.00000000000000000 0.16770509831248431 -0.37500000000000006 0.00000000000000000 0.37500000000000022 0.27950849718747373 0.00000000000000000 0.00000000000000000 0.13693063937629163 0.00000000000000000 0.70710678118654757 0.00000000000000000 0.00000000000000000 0.55901699437494745 0.00000000000000000 0.00000000000000000 -0.74999999999999989 0.00000000000000000 0.00000000000000000 0.00000000000000000 0.00000000000000000 0.00000000000000000 0.00000000000000000 0.00000000000000000 0.35355339059327384 0.00000000000000000 0.00000000000000000 0.27950849718747373 0.37499999999999994 0.00000000000000000 -0.37500000000000022 -0.27950849718747389 0.25000000000000000 0.24999999999999994 0.00000000000000000 0.53033008588991060 0.00000000000000000 0.00000000000000000 0.35355339059327373 0.00000000000000000 0.37499999999999994 0.27950849718747367 0.00000000000000000 -0.27950849718747378 -0.37499999999999994 0.00000000000000000 0.00000000000000000 0.30618621784789735 0.00000000000000000 0.00000000000000000 -0.35355339059327379 0.00000000000000000 0.00000000000000000 0.55901699437494745 0.00000000000000000 0.00000000000000000 0.25000000000000006 0.00000000000000000 -1.00000000000000022 0.00000000000000000 0.00000000000000000 0.00000000000000000 0.00000000000000000 0.35355339059327379 0.00000000000000000 0.00000000000000000 0.11180339887498975 0.00000000000000000 0.00000000000000000 0.25000000000000000 0.00000000000000000 0.00000000000000000 -0.50000000000000011 0.54772255750516596 0.00000000000000000 0.00000000000000000 0.00000000000000000 0.43301270189221930 0.00000000000000000 0.00000000000000000 0.13693063937629157 0.00000000000000000 0.00000000000000000 0.30618621784789729 0.00000000000000000 0.54772255750516630 -1.00000000000000022;
C_12 = 0.00000000000000000 -0.05892556509887897 -0.09316949906249127 -0.12500000000000000 -0.09316949906249124 -0.14731391274719741 -0.19764235376052364 -0.12500000000000000 -0.19764235376052366 -0.26516504294495535 0.00000000000000000 0.00000000000000000 0.00000000000000000 -0.05892556509887897 0.00000000000000000 0.00000000000000000 0.00000000000000000 0.00000000000000000 -0.16666666666666669 0.00000000000000000 0.00000000000000000 0.00000000000000000 -0.16666666666666669 -0.18633899812498247 -0.18633899812498253 -0.30618621784789729 -0.09316949906249125 0.00000000000000000 0.00000000000000000 0.00000000000000000 -0.16666666666666666 0.07905694150420958 -0.17677669529663692 0.00000000000000000 -0.17677669529663681 -0.13176156917368248 -0.05892556509887900 0.29462782549439487 -0.09682458365518544 -0.12500000000000000 0.00000000000000000 0.00000000000000000 0.00000000000000000 0.00000000000000000 -0.17677669529663692 -0.13176156917368248 -0.16666666666666666 -0.13176156917368245 -0.17677669529663695 0.13176156917368251 -0.13176156917368254 0.21650635094610965 -0.09316949906249122 0.00000000000000000 -0.16666666666666666 0.00000000000000000 0.00000000000000000 0.07905694150420947 -0.17677669529663692 0.00000000000000000 -0.17677669529663687 -0.13176156917368254 -0.05892556509887903 0.29462782549439481 -0.09682458365518541 -0.14731391274719735 -0.16666666666666669 0.07905694150420950 -0.17677669529663687 0.07905694150420953 -0.22499999999999987 -0.05590169943749473 -0.17677669529663687 -0.05590169943749466 -0.29166666666666663 -0.01863389981249824 -0.46584749531245628 -0.03061862178478974 -0.19764235376052366 0.00000000000000000 -0.17677669529663698 -0.13176156917368254 -0.17677669529663698 -0.05590169943749473 -0.12500000000000014 -0.13176156917368254 -0.29166666666666691 -0.27950849718747373 0.04166666666666664 0.20833333333333337 0.06846531968814577 -0.12500000000000000 0.00000000000000000 0.00000000000000000 -0.16666666666666666 0.00000000000000000 -0.17677669529663692 -0.13176156917368245 0.00000000000000000 -0.13176156917368245 -0.17677669529663689 0.13176156917368251 -0.13176156917368248 0.21650635094610962 -0.19764235376052364 0.00000000000000000 -0.17677669529663687 -0.13176156917368251 -0.17677669529663692 -0.05590169943749468 -0.29166666666666685 -0.13176156917368251 -0.12500000000000017 -0.27950849718747384 0.04166666666666667 0.20833333333333331 0.06846531968814579 -0.26516504294495535 -0.16666666666666669 -0.13176156917368248 -0.17677669529663689 -0.13176156917368248 -0.29166666666666669 -0.27950849718747373 -0.17677669529663687 -0.27950849718747378 -0.29166666666666663 -0.09316949906249128 -0.09316949906249128 -0.15309310892394862 0.00000000000000000 -0.18633899812498253 -0.05892556509887897 0.13176156917368248 -0.05892556509887899 -0.01863389981249833 0.04166666666666666 0.13176156917368248 0.04166666666666667 -0.09316949906249122 -0.16666666666666693 0.00000000000000000 -0.54772255750516619 0.00000000000000000 -0.18633899812498253 0.29462782549439487 -0.13176156917368251 0.29462782549439487 -0.46584749531245634 0.20833333333333345 -0.13176156917368248 0.20833333333333337 -0.09316949906249128 0.00000000000000000 -0.66666666666666685 0.00000000000000000 0.00000000000000000 -0.30618621784789729 -0.09682458365518543 0.21650635094610965 -0.09682458365518538 -0.03061862178478971 0.06846531968814577 0.21650635094610965 0.06846531968814577 -0.15309310892394867 -0.54772255750516607 0.00000000000000000 -0.73333333333333317;
C_13 = 0.16666666666666663 0.00000000000000000 0.00000000000000000 0.00000000000000000 0.00000000000000000 0.00000000000000000 0.00000000000000000 0.00000000000000000 0.00000000000000000 0.00000000000000000 0.00000000000000000 0.00000000000000000 0.00000000000000000 0.00000000000000000 -1.33333333333333348 0.00000000000000000 0.00000000000000000 0.00000000000000000 0.00000000000000000 0.00000000000000000 0.00000000000000000 0.00000000000000000 0.00000000000000000 0.00000000000000000 0.00000000000000000 0.00000000000000000 0.00000000000000000 0.00000000000000000 0.16666666666666663 0.00000000000000000 0.00000000000000000 0.00000000000000000 0.00000000000000000 0.00000000000000000 0.00000000000000000 0.00000000000000000 0.00000000000000000 0.00000000000000000 0.00000000000000000 0.00000000000000000 0.00000000000000000 0.00000000000000000 0.16666666666666663 0.00000000000000000 0.00000000000000000 0.00000000000000000 0.00000000000000000 0.00000000000000000 0.00000000000000000 0.00000000000000000 0.00000000000000000 0.00000000000000000 0.00000000000000000 0.00000000000000000 0.00000000000000000 0.00000000000000000 -1.33333333333333326 0.00000000000000000 0.00000000000000000 0.00000000000000000 0.00000000000000000 0.00000000000000000 0.00000000000000000 0.00000000000000000 0.00000000000000000 0.00000000000000000 0.00000000000000000 0.00000000000000000 0.00000000000000000 0.00000000000000000 0.16666666666666663 0.00000000000000000 0.00000000000000000 0.00000000000000000 0.00000000000000000 0.00000000000000000 0.00000000000000000 0.00000000000000000 0.00000000000000000 0.00000000000000000 0.00000000000000000 0.00000000000000000 0.00000000000000000 0.00000000000000000 0.16666666666666663 0.00000000000000000 0.00000000000000000 0.00000000000000000 0.00000000000000000 0.00000000000000000 0.00000000000000000 0.00000000000000000 0.00000000000000000 0.00000000000000000 0.00000000000000000 0.00000000000000000 0.00000000000000000 0.00000000000000000 -1.33333333333333326 0.00000000000000000 0.00000000000000000 0.00000000000000000 0.00000000000000000 0.00000000000000000 0.00000000000000000 0.00000000000000000 0.00000000000000000 0.00000000000000000 0.00000000000000000 0.00000000000000000 0.00000000000000000 0.00000000000000000 0.16666666666666663 0.00000000000000000 0.00000000000000000 0.00000000000000000 0.00000000000000000 0.00000000000000000 0.00000000000000000 0.00000000000000000 0.00000000000000000 0.00000000000000000 0.00000000000000000 0.00000000000000000 0.00000000000000000 0.00000000000000000 0.16666666666666663 0.00000000000000000 0.00000000000000000 0.00000000000000000 0.00000000000000000 0.00000000000000000 0.00000000000000000 0.00000000000000000 0.00000000000000000 0.00000000000000000 0.00000000000000000 0.00000000000000000 0.00000000000000000 0.00000000000000000 0.16666666666666663 0.00000000000000000 0.00000000000000000 0.00000000000000000 0.00000000000000000 0.00000000000000000 0.00000000000000000 0.00000000000000000 0.00000000000000000 0.00000000000000000 0.00000000000000000 0.00000000000000000 0.00000000000000000 0.00000000000000000 0.16666666666666663 0.00000000000000000 0.00000000000000000 0.00000000000000000 0.00000000000000000 0.00000000000000000 0.00000000000000000 0.00000000000000000 0.00000000000000000 0.00000000000000000 0.00000000000000000 0.00000000000000000 0.00000000000000000 0.00000000000000000 0.16666666666666669;
C_14 = 0.00000000000000000 0.00000000000000000 0.00000000000000000 0.00000000000000000 0.00000000000000000 0.00000000000000000 0.00000000000000000 0.25000000000000000 0.39528470752104727 0.53033008588991060 0.00000000000000000 0.00000000000000000 0.00000000000000000 0.00000000000000000 0.00000000000000000 0.00000000000000000 -0.70710678118654757 0.00000000000000000 0.00000000000000000 0.00000000000000000 0.00000000000000000 0.00000000000000000 0.00000000000000000 0.00000000000000000 0.00000000000000000 0.00000000000000000 0.00000000000000000 0.00000000000000000 -0.75000000000000022 -0.55901699437494734 0.00000000000000000 0.00000000000000000 0.00000000000000000 0.00000000000000000 0.00000000000000000 0.00000000000000000 0.00000000000000000 0.00000000000000000 0.00000000000000000 0.00000000000000000 -0.70710678118654757 -0.55901699437494745 -0.75000000000000000 0.00000000000000000 0.00000000000000000 0.00000000000000000 0.00000000000000000 0.00000000000000000 0.00000000000000000 0.00000000000000000 0.00000000000000000 0.00000000000000000 0.00000000000000000 0.00000000000000000 0.00000000000000000 0.00000000000000000 0.00000000000000000 0.00000000000000000 -0.35355339059327384 0.00000000000000000 0.35355339059327384 0.00000000000000000 0.35355339059327379 -0.35355339059327379 0.00000000000000000 0.00000000000000000 0.00000000000000000 0.00000000000000000 0.00000000000000000 0.00000000000000000 -0.37500000000000000 -0.27950849718747384 0.35355339059327384 -0.16770509831248454 0.37499999999999983 0.11180339887498952 0.55901699437494745 0.00000000000000000 0.00000000000000000 0.00000000000000000 0.00000000000000000 0.00000000000000000 -0.35355339059327384 -0.27950849718747378 -0.37500000000000017 0.00000000000000000 0.37500000000000000 0.27950849718747373 -0.25000000000000000 -0.25000000000000000 0.00000000000000000 0.25000000000000000 0.00000000000000000 0.00000000000000000 0.00000000000000000 0.00000000000000000 0.35355339059327384 0.00000000000000000 0.00000000000000000 0.00000000000000000 -0.35355339059327384 0.00000000000000000 0.00000000000000000 -0.43301270189221924 0.39528470752104738 0.00000000000000000 0.00000000000000000 0.00000000000000000 0.35355339059327379 -0.16770509831248420 0.37500000000000000 0.00000000000000000 -0.37500000000000006 -0.27950849718747367 0.00000000000000000 0.00000000000000000 -0.13693063937629160 0.53033008588991060 0.00000000000000000 0.00000000000000000 0.00000000000000000 0.00000000000000000 0.37500000000000000 0.27950849718747373 -0.35355339059327384 -0.27950849718747361 -0.37500000000000006 0.00000000000000000 0.00000000000000000 0.30618621784789735 0.00000000000000000 0.00000000000000000 0.00000000000000000 0.00000000000000000 0.35355339059327379 0.11180339887498955 -0.25000000000000006 0.00000000000000000 0.00000000000000000 0.00000000000000000 -0.50000000000000033 0.00000000000000000 0.54772255750516607 0.00000000000000000 0.00000000000000000 0.00000000000000000 0.00000000000000000 -0.35355339059327379 0.55901699437494767 -0.25000000000000006 0.00000000000000000 0.00000000000000000 0.00000000000000000 0.00000000000000000 -1.00000000000000022 0.00000000000000000 0.00000000000000000 0.00000000000000000 0.00000000000000000 0.00000000000000000 0.00000000000000000 0.00000000000000000 0.00000000000000000 -0.43301270189221935 -0.13693063937629146 0.30618621784789735 0.54772255750516630 0.00000000000000000 -1.00000000000000022;
C_15 = -1.50000000000000000 0.00000000000000000 0.00000000000000000 0.00000000000000000 0.00000000000000000 0.00000000000000000 0.00000000000000000 0.00000000000000000 0.00000000000000000 0.00000000000000000 0.00000000000000000 0.00000000000000000 0.00000000000000000 0.00000000000000000 0.00000000000000000 0.00000000000000000 0.70710678118654757 0.00000000000000000 0.00000000000000000 0.00000000000000000 0.00000000000000000 0.00000000000000000 0.00000000000000000 0.00000000000000000 0.00000000000000000 0.00000000000000000 0.00000000000000000 0.00000000000000000 -0.75000000000000000 0.55901699437494745 0.00000000000000000 0.00000000000000000 0.00000000000000000 0.00000000000000000 0.00000000000000000 0.00000000000000000 0.00000000000000000 0.00000000000000000 0.00000000000000000 0.00000000000000000 0.70710678118654757 0.55901699437494745 -0.74999999999999978 0.00000000000000000 0.00000000000000000 0.00000000000000000 0.00000000000000000 0.00000000000000000 0.00000000000000000 0.00000000000000000 0.00000000000000000 0.00000000000000000 0.00000000000000000 0.00000000000000000 0.00000000000000000 0.00000000000000000 0.00000000000000000 0.00000000000000000 0.70710678118654757 0.00000000000000000 0.00000000000000000 0.00000000000000000 0.00000000000000000 0.00000000000000000 0.00000000000000000 0.00000000000000000 0.00000000000000000 0.00000000000000000 0.00000000000000000 0.00000000000000000 -0.75000000000000000 0.55901699437494745 0.00000000000000000 0.00000000000000000 0.00000000000000000 0.00000000000000000 0.00000000000000000 0.00000000000000000 0.00000000000000000 0.00000000000000000 0.00000000000000000 0.00000000000000000 0.70710678118654757 0.55901699437494745 -0.75000000000000000 0.00000000000000000 0.00000000000000000 0.00000000000000000 0.00000000000000000 0.00000000000000000 0.00000000000000000 0.00000000000000000 0.00000000000000000 0.00000000000000000 0.00000000000000000 0.00000000000000000 0.00000000000000000 0.00000000000000000 0.00000000000000000 0.00000000000000000 0.70710678118654757 0.00000000000000000 0.00000000000000000 0.00000000000000000 0.00000000000000000 0.00000000000000000 0.00000000000000000 0.00000000000000000 0.00000000000000000 0.00000000000000000 0.00000000000000000 0.00000000000000000 -0.75000000000000000 0.55901699437494745 0.00000000000000000 0.00000000000000000 0.00000000000000000 0.00000000000000000 0.00000000000000000 0.00000000000000000 0.00000000000000000 0.00000000000000000 0.00000000000000000 0.00000000000000000 0.70710678118654757 0.55901699437494756 -0.75000000000000000 0.00000000000000000 0.00000000000000000 0.00000000000000000 0.00000000000000000 0.00000000000000000 0.00000000000000000 0.00000000000000000 0.00000000000000000 0.00000000000000000 0.00000000000000000 0.00000000000000000 0.00000000000000000 0.00000000000000000 -0.49999999999999989 0.00000000000000000 0.00000000000000000 0.00000000000000000 0.00000000000000000 0.00000000000000000 0.00000000000000000 0.00000000000000000 0.00000000000000000 0.00000000000000000 0.00000000000000000 0.00000000000000000 0.00000000000000000 0.00000000000000000 0.49999999999999989 0.00000000000000000 0.00000000000000000 0.00000000000000000 0.00000000000000000 0.00000000000000000 0.00000000000000000 0.00000000000000000 0.00000000000000000 0.00000000000000000 0.00000000000000000 0.00000000000000000 0.00000000000000000 0.00000000000000000 0.50000000000000000;
C_23 = 0.00000000000000000 0.05892556509887897 0.09316949906249122 -0.12500000000000000 0.09316949906249124 0.14731391274719738 -0.19764235376052369 0.12500000000000000 0.19764235376052369 -0.26516504294495535 0.00000000000000000 0.00000000000000000 0.00000000000000000 0.05892556509887897 0.00000000000000000 0.00000000000000000 0.00000000000000000 0.00000000000000000 0.16666666666666669 0.00000000000000000 0.00000000000000000 0.00000000000000000 0.16666666666666669 0.18633899812498247 0.18633899812498253 0.30618621784789729 0.09316949906249124 0.00000000000000000 0.00000000000000000 0.00000000000000000 0.16666666666666666 -0.07905694150420955 -0.17677669529663687 0.00000000000000000 -0.17677669529663698 0.13176156917368248 -0.29462782549439481 0.05892556509887900 0.09682458365518545 -0.12500000000000000 0.00000000000000000 0.00000000000000000 0.00000000000000000 0.00000000000000000 -0.17677669529663692 0.13176156917368245 0.16666666666666666 0.13176156917368245 -0.17677669529663684 -0.13176156917368248 0.13176156917368248 0.21650635094610965 0.09316949906249122 0.00000000000000000 0.16666666666666666 0.00000000000000000 0.00000000000000000 -0.07905694150420947 0.17677669529663692 0.00000000000000000 0.17677669529663687 0.13176156917368254 0.05892556509887903 -0.29462782549439481 0.09682458365518541 0.14731391274719735 0.16666666666666669 -0.07905694150420958 -0.17677669529663692 -0.07905694150420953 -0.15000000000000002 0.22360679774997913 0.17677669529663687 -0.22360679774997905 -0.08333333333333341 -0.09316949906249131 -0.09316949906249120 0.03061862178478967 -0.19764235376052372 0.00000000000000000 -0.17677669529663681 0.13176156917368254 0.17677669529663698 0.22360679774997905 -0.25000000000000000 0.13176156917368254 -0.08333333333333333 0.00000000000000000 -0.04166666666666670 -0.20833333333333337 0.06846531968814576 0.12500000000000000 0.00000000000000000 0.00000000000000000 0.16666666666666666 0.00000000000000000 0.17677669529663692 0.13176156917368245 0.00000000000000000 0.13176156917368245 0.17677669529663689 -0.13176156917368251 0.13176156917368248 -0.21650635094610962 0.19764235376052369 0.00000000000000000 -0.17677669529663692 0.13176156917368248 0.17677669529663692 -0.22360679774997902 -0.08333333333333333 0.13176156917368251 -0.25000000000000006 0.00000000000000000 0.20833333333333343 0.04166666666666670 -0.06846531968814575 -0.26516504294495535 0.16666666666666669 0.13176156917368254 -0.17677669529663689 0.13176156917368248 -0.08333333333333326 0.00000000000000000 0.17677669529663687 0.00000000000000000 -0.08333333333333338 0.09316949906249125 0.09316949906249122 -0.15309310892394862 0.00000000000000000 0.18633899812498253 -0.29462782549439487 -0.13176156917368248 0.05892556509887899 -0.09316949906249117 -0.04166666666666667 -0.13176156917368248 0.20833333333333331 0.09316949906249125 -0.33333333333333326 0.00000000000000000 0.00000000000000000 0.00000000000000000 0.18633899812498253 0.05892556509887903 0.13176156917368248 -0.29462782549439487 -0.09316949906249131 -0.20833333333333331 0.13176156917368248 0.04166666666666669 0.09316949906249128 0.00000000000000000 -0.33333333333333337 0.00000000000000000 0.00000000000000000 0.30618621784789729 0.09682458365518541 0.21650635094610968 0.09682458365518538 0.03061862178478968 0.06846531968814576 -0.21650635094610965 -0.06846531968814576 -0.15309310892394865 0.00000000000000000 0.00000000000000000 -0.26666666666666683;
C_24 = -1.50000000000000000 0.00000000000000000 0.00000000000000000 0.00000000000000000 0.00000000000000000 0.00000000000000000 0.00000000000000000 0.00000000000000000 0.00000000000000000 0.00000000000000000 0.00000000000000000 0.00000000000000000 0.00000000000000000 0.00000000000000000 0.00000000000000000 0.00000000000000000 0.00000000000000000 0.00000000000000000 0.00000000000000000 0.00000000000000000 0.70710678118654757 0.00000000000000000 0.00000000000000000 0.00000000000000000 0.00000000000000000 0.00000000000000000 0.00000000000000000 0.00000000000000000 0.00000000000000000 0.00000000000000000 0.00000000000000000 0.00000000000000000 0.00000000000000000 0.00000000000000000 0.70710678118654757 0.00000000000000000 0.00000000000000000 0.00000000000000000 0.00000000000000000 0.00000000000000000 0.00000000000000000 0.00000000000000000 0.00000000000000000 0.00000000000000000 0.00000000000000000 0.00000000000000000 0.00000000000000000 0.00000000000000000 0.70710678118654757 0.00000000000000000 0.00000000000000000 0.00000000000000000 0.00000000000000000 0.00000000000000000 0.00000000000000000 0.00000000000000000 -0.75000000000000000 0.00000000000000000 0.00000000000000000 0.55901699437494734 0.00000000000000000 0.00000000000000000 0.00000000000000000 0.00000000000000000 0.00000000000000000 0.00000000000000000 0.00000000000000000 0.00000000000000000 0.00000000000000000 0.00000000000000000 -0.74999999999999978 0.00000000000000000 0.00000000000000000 0.55901699437494756 0.00000000000000000 0.00000000000000000 0.00000000000000000 0.00000000000000000 0.00000000000000000 0.00000000000000000 0.00000000000000000 0.00000000000000000 0.00000000000000000 0.00000000000000000 -0.75000000000000000 0.00000000000000000 0.00000000000000000 0.55901699437494756 0.00000000000000000 0.00000000000000000 0.00000000000000000 0.00000000000000000 0.70710678118654757 0.00000000000000000 0.00000000000000000 0.55901699437494734 0.00000000000000000 0.00000000000000000 -0.75000000000000000 0.00000000000000000 0.00000000000000000 0.00000000000000000 0.00000000000000000 0.00000000000000000 0.00000000000000000 0.00000000000000000 0.70710678118654757 0.00000000000000000 0.00000000000000000 0.55901699437494756 0.00000000000000000 0.00000000000000000 -0.75000000000000011 0.00000000000000000 0.00000000000000000 0.00000000000000000 0.00000000000000000 0.00000000000000000 0.00000000000000000 0.00000000000000000 0.70710678118654757 0.00000000000000000 0.00000000000000000 0.55901699437494767 0.00000000000000000 0.00000000000000000 -0.75000000000000011 0.00000000000000000 0.00000000000000000 0.00000000000000000 0.00000000000000000 0.00000000000000000 0.00000000000000000 0.00000000000000000 0.00000000000000000 0.00000000000000000 0.00000000000000000 0.00000000000000000 0.00000000000000000 0.00000000000000000 -0.49999999999999994 0.00000000000000000 0.00000000000000000 0.00000000000000000 0.00000000000000000 0.00000000000000000 0.00000000000000000 0.00000000000000000 0.00000000000000000 0.00000000000000000 0.00000000000000000 0.00000000000000000 0.00000000000000000 0.00000000000000000 0.50000000000000022 0.00000000000000000 0.00000000000000000 0.00000000000000000 0.00000000000000000 0.00000000000000000 0.00000000000000000 0.00000000000000000 0.00000000000000000 0.00000000000000000 0.00000000000000000 0.00000000000000000 0.00000000000000000 0.00000000000000000 0.49999999999999989;
C_25 = 0.00000000000000000 0.00000000000000000 0.00000000000000000 0.25000000000000000 0.00000000000000000 0.00000000000000000 0.39528470752104738 0.00000000000000000 0.00000000000000000 0.53033008588991071 0.00000000000000000 0.00000000000000000 0.00000000000000000 0.00000000000000000 0.00000000000000000 0.00000000000000000 0.00000000000000000 0.00000000000000000 0.00000000000000000 0.00000000000000000 -0.70710678118654757 0.00000000000000000 0.00000000000000000 0.00000000000000000 0.00000000000000000 0.00000000000000000 0.00000000000000000 0.00000000000000000 0.00000000000000000 0.00000000000000000 0.00000000000000000 0.00000000000000000 0.35355339059327379 0.00000000000000000 -0.35355339059327373 0.00000000000000000 0.35355339059327373 -0.35355339059327373 0.00000000000000000 0.25000000000000000 0.00000000000000000 0.00000000000000000 0.00000000000000000 0.00000000000000000 0.35355339059327384 0.00000000000000000 0.00000000000000000 0.00000000000000000 -0.35355339059327395 0.00000000000000000 0.00000000000000000 -0.43301270189221924 0.00000000000000000 0.00000000000000000 0.00000000000000000 0.00000000000000000 -0.75000000000000011 0.00000000000000000 0.00000000000000000 -0.55901699437494734 0.00000000000000000 0.00000000000000000 0.00000000000000000 0.00000000000000000 0.00000000000000000 0.00000000000000000 0.00000000000000000 0.00000000000000000 0.35355339059327384 0.00000000000000000 -0.37500000000000000 -0.16770509831248420 0.00000000000000000 -0.27950849718747361 0.37500000000000006 0.11180339887498947 0.55901699437494756 0.00000000000000000 0.39528470752104727 0.00000000000000000 0.35355339059327384 0.00000000000000000 0.00000000000000000 -0.16770509831248429 -0.37500000000000006 0.00000000000000000 0.37500000000000028 -0.27950849718747367 0.00000000000000000 0.00000000000000000 -0.13693063937629157 0.00000000000000000 -0.70710678118654757 0.00000000000000000 0.00000000000000000 -0.55901699437494723 0.00000000000000000 0.00000000000000000 -0.75000000000000000 0.00000000000000000 0.00000000000000000 0.00000000000000000 0.00000000000000000 0.00000000000000000 0.00000000000000000 0.00000000000000000 -0.35355339059327384 0.00000000000000000 0.00000000000000000 -0.27950849718747373 0.37500000000000028 0.00000000000000000 -0.37500000000000011 0.27950849718747384 -0.24999999999999989 -0.24999999999999989 0.00000000000000000 0.53033008588991071 0.00000000000000000 0.00000000000000000 -0.35355339059327373 0.00000000000000000 0.37499999999999994 -0.27950849718747361 0.00000000000000000 0.27950849718747373 -0.37500000000000000 0.00000000000000000 0.00000000000000000 0.30618621784789729 0.00000000000000000 0.00000000000000000 0.35355339059327379 0.00000000000000000 0.00000000000000000 0.11180339887498927 0.00000000000000000 0.00000000000000000 -0.25000000000000000 0.00000000000000000 -0.50000000000000000 0.00000000000000000 0.54772255750516630 0.00000000000000000 0.00000000000000000 -0.35355339059327379 0.00000000000000000 0.00000000000000000 0.55901699437494745 0.00000000000000000 0.00000000000000000 -0.25000000000000000 0.00000000000000000 0.00000000000000000 -1.00000000000000000 0.00000000000000000 0.00000000000000000 0.00000000000000000 0.00000000000000000 -0.43301270189221930 0.00000000000000000 0.00000000000000000 -0.13693063937629157 0.00000000000000000 0.00000000000000000 0.30618621784789729 0.54772255750516607 0.00000000000000000 -1.00000000000000022;
C_34 = 0.00000000000000000 0.00000000000000000 0.00000000000000000 0.00000000000000000 0.00000000000000000 0.00000000000000000 0.00000000000000000 -0.25000000000000000 -0.39528470752104738 0.53033008588991071 0.00000000000000000 0.00000000000000000 0.00000000000000000 0.00000000000000000 0.00000000000000000 0.00000000000000000 0.70710678118654757 0.00000000000000000 0.00000000000000000 0.00000000000000000 0.00000000000000000 0.00000000000000000 0.00000000000000000 0.00000000000000000 0.00000000000000000 0.00000000000000000 0.00000000000000000 0.00000000000000000 -0.75000000000000011 0.55901699437494734 0.00000000000000000 0.00000000000000000 0.00000000000000000 0.00000000000000000 0.00000000000000000 0.00000000000000000 0.00000000000000000 0.00000000000000000 0.00000000000000000 0.00000000000000000 0.70710678118654757 0.55901699437494734 -0.75000000000000000 0.00000000000000000 0.00000000000000000 0.00000000000000000 0.00000000000000000 0.00000000000000000 0.00000000000000000 0.00000000000000000 0.00000000000000000 0.00000000000000000 0.00000000000000000 0.00000000000000000 0.00000000000000000 0.00000000000000000 0.00000000000000000 0.00000000000000000 0.35355339059327384 0.00000000000000000 -0.35355339059327384 0.00000000000000000 -0.35355339059327379 0.35355339059327379 0.00000000000000000 0.00000000000000000 0.00000000000000000 0.00000000000000000 0.00000000000000000 0.00000000000000000 -0.37500000000000011 0.27950849718747373 -0.35355339059327384 0.16770509831248437 0.37500000000000017 0.55901699437494767 0.11180339887498952 0.00000000000000000 0.00000000000000000 0.00000000000000000 0.00000000000000000 0.00000000000000000 0.35355339059327384 0.27950849718747361 -0.37500000000000011 0.00000000000000000 0.37499999999999994 -0.27950849718747373 0.25000000000000000 0.24999999999999997 0.00000000000000000 -0.25000000000000000 0.00000000000000000 0.00000000000000000 0.00000000000000000 0.00000000000000000 -0.35355339059327384 0.00000000000000000 0.00000000000000000 0.00000000000000000 0.35355339059327384 0.00000000000000000 0.00000000000000000 0.43301270189221924 -0.39528470752104727 0.00000000000000000 0.00000000000000000 0.00000000000000000 -0.35355339059327379 0.16770509831248437 0.37500000000000022 0.00000000000000000 -0.37500000000000006 0.27950849718747384 0.00000000000000000 0.00000000000000000 0.13693063937629160 0.53033008588991071 0.00000000000000000 0.00000000000000000 0.00000000000000000 0.00000000000000000 0.37499999999999983 -0.27950849718747384 0.35355339059327384 0.27950849718747373 -0.37500000000000006 0.00000000000000000 0.00000000000000000 0.30618621784789735 0.00000000000000000 0.00000000000000000 0.00000000000000000 0.00000000000000000 -0.35355339059327379 0.55901699437494745 0.24999999999999994 0.00000000000000000 0.00000000000000000 0.00000000000000000 -1.00000000000000000 0.00000000000000000 0.00000000000000000 0.00000000000000000 0.00000000000000000 0.00000000000000000 0.00000000000000000 0.35355339059327379 0.11180339887498936 0.25000000000000006 0.00000000000000000 0.00000000000000000 0.00000000000000000 0.00000000000000000 -0.50000000000000044 0.54772255750516596 0.00000000000000000 0.00000000000000000 0.00000000000000000 0.00000000000000000 0.00000000000000000 0.00000000000000000 0.00000000000000000 0.43301270189221935 0.13693063937629149 0.30618621784789735 0.00000000000000000 0.54772255750516607 -1.00000000000000067;
C_35 = -1.50000000000000000 0.00000000000000000 0.00000000000000000 0.00000000000000000 0.00000000000000000 0.00000000000000000 0.00000000000000000 0.00000000000000000 0.00000000000000000 0.00000000000000000 0.00000000000000000 0.00000000000000000 0.00000000000000000 0.00000000000000000 0.00000000000000000 0.00000000000000000 -0.70710678118654757 0.00000000000000000 0.00000000000000000 0.00000000000000000 0.00000000000000000 0.00000000000000000 0.00000000000000000 0.00000000000000000 0.00000000000000000 0.00000000000000000 0.00000000000000000 0.00000000000000000 -0.75000000000000011 -0.55901699437494734 0.00000000000000000 0.00000000000000000 0.00000000000000000 0.00000000000000000 0.00000000000000000 0.00000000000000000 0.00000000000000000 0.00000000000000000 0.00000000000000000 0.00000000000000000 -0.70710678118654757 -0.55901699437494723 -0.75000000000000000 0.00000000000000000 0.00000000000000000 0.00000000000000000 0.00000000000000000 0.00000000000000000 0.00000000000000000 0.00000000000000000 0.00000000000000000 0.00000000000000000 0.00000000000000000 0.00000000000000000 0.00000000000000000 0.00000000000000000 0.00000000000000000 0.00000000000000000 -0.70710678118654757 0.00000000000000000 0.00000000000000000 0.00000000000000000 0.00000000000000000 0.00000000000000000 0.00000000000000000 0.00000000000000000 0.00000000000000000 0.00000000000000000 0.00000000000000000 0.00000000000000000 -0.75000000000000011 -0.55901699437494745 0.00000000000000000 0.00000000000000000 0.00000000000000000 0.00000000000000000 0.00000000000000000 0.00000000000000000 0.00000000000000000 0.00000000000000000 0.00000000000000000 0.00000000000000000 -0.70710678118654757 -0.55901699437494756 -0.75000000000000011 0.00000000000000000 0.00000000000000000 0.00000000000000000 0.00000000000000000 0.00000000000000000 0.00000000000000000 0.00000000000000000 0.00000000000000000 0.00000000000000000 0.00000000000000000 0.00000000000000000 0.00000000000000000 0.00000000000000000 0.00000000000000000 0.00000000000000000 -0.70710678118654757 0.00000000000000000 0.00000000000000000 0.00000000000000000 0.00000000000000000 0.00000000000000000 0.00000000000000000 0.00000000000000000 0.00000000000000000 0.00000000000000000 0.00000000000000000 0.00000000000000000 -0.75000000000000022 -0.55901699437494767 0.00000000000000000 0.00000000000000000 0.00000000000000000 0.00000000000000000 0.00000000000000000 0.00000000000000000 0.00000000000000000 0.00000000000000000 0.00000000000000000 0.00000000000000000 -0.70710678118654757 -0.55901699437494767 -0.75000000000000011 0.00000000000000000 0.00000000000000000 0.00000000000000000 0.00000000000000000 0.00000000000000000 0.00000000000000000 0.00000000000000000 0.00000000000000000 0.00000000000000000 0.00000000000000000 0.00000000000000000 0.00000000000000000 0.00000000000000000 0.50000000000000011 0.00000000000000000 0.00000000000000000 0.00000000000000000 0.00000000000000000 0.00000000000000000 0.00000000000000000 0.00000000000000000 0.00000000000000000 0.00000000000000000 0.00000000000000000 0.00000000000000000 0.00000000000000000 0.00000000000000000 -0.49999999999999983 0.00000000000000000 0.00000000000000000 0.00000000000000000 0.00000000000000000 0.00000000000000000 0.00000000000000000 0.00000000000000000 0.00000000000000000 0.00000000000000000 0.00000000000000000 0.00000000000000000 0.00000000000000000 0.00000000000000000 0.49999999999999978;
C_45 = 0.00000000000000000 0.00000000000000000 0.00000000000000000 0.00000000000000000 0.00000000000000000 0.00000000000000000 0.00000000000000000 0.00000000000000000 0.00000000000000000 -1.06066017177982141 0.00000000000000000 0.00000000000000000 0.00000000000000000 0.00000000000000000 -3.00000000000000000 0.00000000000000000 0.00000000000000000 0.00000000000000000 0.00000000000000000 0.00000000000000000 0.00000000000000000 0.00000000000000000 0.00000000000000000 0.00000000000000000 0.00000000000000000 0.00000000000000000 0.00000000000000000 0.00000000000000000 -1.50000000000000022 0.00000000000000000 0.00000000000000000 0.00000000000000000 0.00000000000000000 0.00000000000000000 0.00000000000000000 0.00000000000000000 0.00000000000000000 0.00000000000000000 0.00000000000000000 0.00000000000000000 0.00000000000000000 0.00000000000000000 -1.50000000000000022 0.00000000000000000 0.00000000000000000 0.00000000000000000 0.00000000000000000 0.00000000000000000 0.00000000000000000 0.00000000000000000 0.00000000000000000 0.00000000000000000 0.00000000000000000 0.00000000000000000 0.00000000000000000 0.00000000000000000 -1.50000000000000000 0.00000000000000000 0.00000000000000000 0.00000000000000000 0.00000000000000000 0.00000000000000000 0.00000000000000000 0.00000000000000000 0.00000000000000000 0.00000000000000000 0.00000000000000000 0.00000000000000000 0.00000000000000000 0.00000000000000000 -0.75000000000000000 0.00000000000000000 0.00000000000000000 0.00000000000000000 -0.75000000000000000 -0.67082039324993703 -0.67082039324993703 0.00000000000000000 0.00000000000000000 0.00000000000000000 0.00000000000000000 0.00000000000000000 0.00000000000000000 0.00000000000000000 -0.75000000000000033 0.00000000000000000 -0.75000000000000011 0.00000000000000000 0.00000000000000000 0.00000000000000000 0.00000000000000000 0.00000000000000000 0.00000000000000000 0.00000000000000000 0.00000000000000000 0.00000000000000000 0.00000000000000000 0.00000000000000000 -1.50000000000000022 0.00000000000000000 0.00000000000000000 0.00000000000000000 0.00000000000000000 0.00000000000000000 0.00000000000000000 0.00000000000000000 0.00000000000000000 0.00000000000000000 0.00000000000000000 0.00000000000000000 -0.75000000000000000 0.00000000000000000 -0.75000000000000044 0.00000000000000000 0.00000000000000000 0.00000000000000000 0.00000000000000000 -1.06066017177982141 0.00000000000000000 0.00000000000000000 0.00000000000000000 0.00000000000000000 -0.74999999999999967 0.00000000000000000 0.00000000000000000 0.00000000000000000 -0.75000000000000000 0.00000000000000000 0.00000000000000000 -0.61237243569579469 0.00000000000000000 0.00000000000000000 0.00000000000000000 0.00000000000000000 0.00000000000000000 -0.67082039324993703 0.00000000000000000 0.00000000000000000 0.00000000000000000 0.00000000000000000 -1.50000000000000000 0.00000000000000000 -0.54772255750516630 0.00000000000000000 0.00000000000000000 0.00000000000000000 0.00000000000000000 0.00000000000000000 -0.67082039324993725 0.00000000000000000 0.00000000000000000 0.00000000000000000 0.00000000000000000 0.00000000000000000 -1.50000000000000000 -0.54772255750516630 0.00000000000000000 0.00000000000000000 0.00000000000000000 0.00000000000000000 0.00000000000000000 0.00000000000000000 0.00000000000000000 0.00000000000000000 0.00000000000000000 -0.61237243569579469 -0.54772255750516652 -0.54772255750516607 -2.00000000000000000;
