% number of basis vectors with non-zero coefficient
SIZE_CONNECTED = 2;

% prefactors of the partial amplitude in total amplitude
a_0 = 16.97056274847714263;
a_1 = 16.97056274847714263;

% permutations defining the partial amplitudes
A_0 = 0 2 3 1;
A_1 = 0 3 2 1;


% dimension of the colour space
DIM = 5;

% colour metric aka soft matrix
METRIC = 1.00000000000000000 0.50000000000000000 -0.35355339059327379 0.00000000000000000 0.35355339059327379 0.50000000000000000 1.00000000000000000 -0.35355339059327379 0.35355339059327379 0.00000000000000000 -0.35355339059327379 -0.35355339059327379 1.00000000000000000 0.12500000000000000 0.12500000000000000 0.00000000000000000 0.35355339059327379 0.12500000000000000 1.00000000000000000 0.12500000000000000 0.35355339059327379 0.00000000000000000 0.12500000000000000 0.12500000000000000 1.00000000000000000;

% colour change matrices
C_01 = -0.75000000000000011 0.00000000000000000 1.06066017177982141 1.06066017177982141 0.53033008588991071 0.00000000000000000 -0.75000000000000011 1.06066017177982141 0.53033008588991071 1.06066017177982141 1.06066017177982141 1.06066017177982141 -3.00000000000000000 -0.37500000000000000 -0.37500000000000000 1.06066017177982141 0.53033008588991060 -0.37500000000000000 0.00000000000000000 0.37500000000000000 0.53033008588991060 1.06066017177982141 -0.37500000000000000 0.37500000000000000 0.00000000000000000;
C_02 = -1.50000000000000022 -0.75000000000000000 0.53033008588991049 0.00000000000000000 -0.53033008588991082 -0.75000000000000033 -0.75000000000000011 -0.53033008588991071 -1.06066017177982141 -1.06066017177982141 0.53033008588991060 -0.53033008588991071 0.00000000000000000 -0.37500000000000000 0.37500000000000000 0.00000000000000000 -1.06066017177982141 -0.37500000000000000 -3.00000000000000000 -0.37500000000000000 -0.53033008588991082 -1.06066017177982141 0.37500000000000000 -0.37500000000000000 0.00000000000000000;
C_03 = -0.75000000000000011 -0.75000000000000033 -0.53033008588991071 -1.06066017177982141 -1.06066017177982141 -0.75000000000000000 -1.50000000000000022 0.53033008588991049 -0.53033008588991082 0.00000000000000000 -0.53033008588991071 0.53033008588991060 0.00000000000000000 0.37500000000000000 -0.37500000000000000 -1.06066017177982141 -0.53033008588991082 0.37500000000000000 0.00000000000000000 -0.37500000000000000 -1.06066017177982141 0.00000000000000000 -0.37500000000000000 -0.37500000000000000 -3.00000000000000000;
C_12 = -0.75000000000000000 -0.75000000000000000 -0.53033008588991082 -1.06066017177982141 -1.06066017177982141 -0.75000000000000011 -1.50000000000000022 0.53033008588991060 -0.53033008588991071 0.00000000000000000 -0.53033008588991071 0.53033008588991060 0.00000000000000000 0.37500000000000000 -0.37500000000000000 -1.06066017177982141 -0.53033008588991071 0.37500000000000000 0.00000000000000000 -0.37500000000000000 -1.06066017177982141 0.00000000000000000 -0.37500000000000000 -0.37500000000000000 -3.00000000000000000;
C_13 = -1.50000000000000022 -0.75000000000000011 0.53033008588991060 0.00000000000000000 -0.53033008588991071 -0.75000000000000000 -0.75000000000000000 -0.53033008588991082 -1.06066017177982141 -1.06066017177982141 0.53033008588991060 -0.53033008588991071 0.00000000000000000 -0.37500000000000000 0.37500000000000000 0.00000000000000000 -1.06066017177982141 -0.37500000000000000 -3.00000000000000000 -0.37500000000000000 -0.53033008588991071 -1.06066017177982141 0.37500000000000000 -0.37500000000000000 0.00000000000000000;
C_23 = -0.75000000000000011 0.00000000000000000 1.06066017177982141 1.06066017177982141 0.53033008588991060 0.00000000000000000 -0.75000000000000011 1.06066017177982141 0.53033008588991071 1.06066017177982141 1.06066017177982141 1.06066017177982141 -3.00000000000000000 -0.37500000000000000 -0.37500000000000000 1.06066017177982141 0.53033008588991060 -0.37500000000000000 0.00000000000000000 0.37500000000000000 0.53033008588991060 1.06066017177982141 -0.37500000000000000 0.37500000000000000 0.00000000000000000;
