% number of basis vectors with non-zero coefficient
SIZE_CONNECTED = 6;

% prefactors of the partial amplitude in total amplitude
a_0 = 41.56921938165306329;
a_1 = 41.56921938165306329;
a_2 = 41.56921938165306329;
a_3 = 41.56921938165306329;
a_4 = 41.56921938165306329;
a_5 = 41.56921938165306329;

% permutations defining the partial amplitudes
A_0 = 0 2 3 4 1;
A_1 = 0 2 4 3 1;
A_2 = 0 3 2 4 1;
A_3 = 0 3 4 2 1;
A_4 = 0 4 2 3 1;
A_5 = 0 4 3 2 1;


% dimension of the colour space
DIM = 16;

% colour metric aka soft matrix
METRIC = 1.00000000000000000 0.50000000000000000 0.49999999999999989 0.24999999999999989 0.24999999999999994 0.00000000000000000 -0.35355339059327379 -0.17677669529663692 0.00000000000000000 -0.35355339059327379 -0.35355339059327379 -0.17677669529663698 -0.17677669529663692 -0.35355339059327379 0.00000000000000000 0.17677669529663687 0.50000000000000000 1.00000000000000000 0.24999999999999994 0.00000000000000000 0.49999999999999989 0.24999999999999989 -0.35355339059327379 -0.35355339059327379 -0.35355339059327379 -0.17677669529663692 0.00000000000000000 0.17677669529663687 -0.35355339059327379 -0.17677669529663692 0.00000000000000000 -0.17677669529663687 0.49999999999999989 0.24999999999999994 1.00000000000000000 0.50000000000000000 0.00000000000000000 0.24999999999999994 -0.17677669529663692 -0.35355339059327379 0.00000000000000000 -0.35355339059327379 -0.17677669529663698 -0.35355339059327379 0.17677669529663692 0.00000000000000000 -0.35355339059327379 -0.17677669529663698 0.24999999999999989 0.00000000000000000 0.50000000000000000 1.00000000000000000 0.24999999999999989 0.49999999999999989 -0.35355339059327379 -0.35355339059327379 0.35355339059327379 -0.17677669529663692 0.17677669529663687 0.00000000000000000 0.35355339059327379 0.00000000000000000 -0.17677669529663692 0.17677669529663687 0.24999999999999994 0.49999999999999989 0.00000000000000000 0.24999999999999989 1.00000000000000000 0.50000000000000000 -0.17677669529663692 -0.35355339059327379 -0.17677669529663698 -0.35355339059327379 0.00000000000000000 0.35355339059327379 0.00000000000000000 0.17677669529663692 0.35355339059327379 0.17677669529663687 0.00000000000000000 0.24999999999999989 0.24999999999999994 0.49999999999999989 0.50000000000000000 1.00000000000000000 -0.35355339059327379 -0.17677669529663692 0.17677669529663687 -0.35355339059327379 0.35355339059327379 0.00000000000000000 0.00000000000000000 0.35355339059327379 0.17677669529663692 -0.17677669529663698 -0.35355339059327379 -0.35355339059327379 -0.17677669529663692 -0.35355339059327379 -0.17677669529663692 -0.35355339059327379 1.00000000000000022 0.12500000000000003 -0.12500000000000003 0.12500000000000003 -0.12500000000000003 0.00000000000000000 0.12500000000000003 0.12500000000000003 0.00000000000000000 0.00000000000000000 -0.17677669529663692 -0.35355339059327379 -0.35355339059327379 -0.35355339059327379 -0.35355339059327379 -0.17677669529663692 0.12500000000000003 1.00000000000000022 0.12500000000000003 0.12500000000000003 0.00000000000000000 -0.12500000000000003 -0.12500000000000003 0.00000000000000000 0.12500000000000003 0.00000000000000000 0.00000000000000000 -0.35355339059327379 0.00000000000000000 0.35355339059327379 -0.17677669529663698 0.17677669529663687 -0.12500000000000003 0.12500000000000003 1.00000000000000022 0.00000000000000000 0.12500000000000003 -0.12500000000000003 0.12500000000000003 0.00000000000000000 0.00000000000000000 0.12500000000000003 -0.35355339059327379 -0.17677669529663692 -0.35355339059327379 -0.17677669529663692 -0.35355339059327379 -0.35355339059327379 0.12500000000000003 0.12500000000000003 0.00000000000000000 1.00000000000000022 0.12500000000000003 0.12500000000000003 0.00000000000000000 -0.12500000000000003 -0.12500000000000003 0.00000000000000000 -0.35355339059327379 0.00000000000000000 -0.17677669529663698 0.17677669529663687 0.00000000000000000 0.35355339059327379 -0.12500000000000003 0.00000000000000000 0.12500000000000003 0.12500000000000003 1.00000000000000022 0.12500000000000003 0.00000000000000000 0.12500000000000003 0.00000000000000000 -0.12500000000000003 -0.17677669529663698 0.17677669529663687 -0.35355339059327379 0.00000000000000000 0.35355339059327379 0.00000000000000000 0.00000000000000000 -0.12500000000000003 -0.12500000000000003 0.12500000000000003 0.12500000000000003 1.00000000000000022 0.00000000000000000 0.00000000000000000 0.12500000000000003 0.12500000000000003 -0.17677669529663692 -0.35355339059327379 0.17677669529663692 0.35355339059327379 0.00000000000000000 0.00000000000000000 0.12500000000000003 -0.12500000000000003 0.12500000000000003 0.00000000000000000 0.00000000000000000 0.00000000000000000 1.00000000000000022 0.12500000000000003 -0.12500000000000003 0.12500000000000003 -0.35355339059327379 -0.17677669529663692 0.00000000000000000 0.00000000000000000 0.17677669529663692 0.35355339059327379 0.12500000000000003 0.00000000000000000 0.00000000000000000 -0.12500000000000003 0.12500000000000003 0.00000000000000000 0.12500000000000003 1.00000000000000022 0.12500000000000003 -0.12500000000000003 0.00000000000000000 0.00000000000000000 -0.35355339059327379 -0.17677669529663692 0.35355339059327379 0.17677669529663692 0.00000000000000000 0.12500000000000003 0.00000000000000000 -0.12500000000000003 0.00000000000000000 0.12500000000000003 -0.12500000000000003 0.12500000000000003 1.00000000000000022 0.12500000000000003 0.17677669529663687 -0.17677669529663687 -0.17677669529663698 0.17677669529663687 0.17677669529663687 -0.17677669529663698 0.00000000000000000 0.00000000000000000 0.12500000000000003 0.00000000000000000 -0.12500000000000003 0.12500000000000003 0.12500000000000003 -0.12500000000000003 0.12500000000000003 1.00000000000000022;

% colour change matrices
C_01 = -0.37499999999999994 0.00000000000000000 0.00000000000000000 -0.49999999999999983 -0.49999999999999989 -0.49999999999999989 0.53033008588991071 0.26516504294495541 -0.53033008588991071 0.53033008588991082 -0.26516504294495513 -0.26516504294495519 -0.26516504294495535 -0.26516504294495530 -0.53033008588991071 -0.53033008588991082 0.00000000000000000 -0.37499999999999994 -0.49999999999999989 -0.49999999999999989 0.00000000000000000 -0.49999999999999983 0.53033008588991071 0.53033008588991082 -0.26516504294495513 0.26516504294495541 -0.53033008588991071 0.26516504294495535 -0.26516504294495530 -0.26516504294495535 0.53033008588991071 0.53033008588991049 0.00000000000000000 -0.49999999999999983 -0.37499999999999994 0.00000000000000000 -0.49999999999999989 -0.49999999999999989 0.26516504294495541 0.53033008588991071 0.53033008588991071 0.53033008588991082 -0.26516504294495519 -0.26516504294495513 0.26516504294495535 -0.53033008588991071 -0.26516504294495530 0.53033008588991060 -0.49999999999999989 -0.49999999999999989 0.00000000000000000 -0.37499999999999994 -0.49999999999999983 0.00000000000000000 0.53033008588991082 0.53033008588991071 0.26516504294495524 0.26516504294495541 0.26516504294495535 -0.53033008588991071 0.26516504294495541 0.53033008588991071 -0.26516504294495535 -0.53033008588991071 -0.49999999999999983 0.00000000000000000 -0.49999999999999989 -0.49999999999999989 -0.37499999999999994 0.00000000000000000 0.26516504294495541 0.53033008588991082 -0.26516504294495519 0.53033008588991071 0.53033008588991071 0.26516504294495524 -0.53033008588991071 0.26516504294495535 0.26516504294495541 -0.53033008588991071 -0.49999999999999989 -0.49999999999999989 -0.49999999999999983 0.00000000000000000 0.00000000000000000 -0.37499999999999994 0.53033008588991082 0.26516504294495541 0.26516504294495535 0.53033008588991071 0.26516504294495524 0.53033008588991071 0.53033008588991071 0.26516504294495541 0.26516504294495535 0.53033008588991060 0.53033008588991082 0.53033008588991082 0.26516504294495535 0.53033008588991082 0.26516504294495535 0.53033008588991082 -1.50000000000000000 -0.18750000000000000 0.18750000000000008 -0.18750000000000000 0.18750000000000008 0.00000000000000000 -0.18750000000000006 -0.18750000000000006 0.00000000000000000 0.00000000000000000 0.26516504294495535 0.53033008588991082 0.53033008588991082 0.53033008588991082 0.53033008588991082 0.26516504294495535 -0.18750000000000000 -1.50000000000000000 -0.18750000000000000 -0.18750000000000000 0.00000000000000000 0.18750000000000008 0.18750000000000006 0.00000000000000000 -0.18750000000000006 0.00000000000000000 -0.53033008588991071 -0.26516504294495524 0.53033008588991082 0.26516504294495535 -0.26516504294495524 0.26516504294495541 0.18750000000000000 -0.18750000000000000 0.00000000000000000 0.00000000000000000 0.18750000000000000 -0.18750000000000000 0.37500000000000011 0.37500000000000011 -0.37500000000000011 -0.37500000000000011 0.53033008588991082 0.26516504294495535 0.53033008588991082 0.26516504294495535 0.53033008588991082 0.53033008588991082 -0.18750000000000000 -0.18750000000000000 0.00000000000000000 -1.50000000000000000 -0.18750000000000000 -0.18750000000000000 0.00000000000000000 0.18750000000000006 0.18750000000000006 0.00000000000000000 -0.26516504294495524 -0.53033008588991071 -0.26516504294495524 0.26516504294495541 0.53033008588991082 0.26516504294495535 0.18750000000000000 0.00000000000000000 0.18750000000000000 -0.18750000000000000 0.00000000000000000 0.18750000000000008 0.37500000000000011 0.37500000000000011 0.37500000000000011 0.37500000000000011 -0.26516504294495524 0.26516504294495541 -0.26516504294495524 -0.53033008588991071 0.26516504294495535 0.53033008588991082 0.00000000000000000 0.18750000000000000 -0.18750000000000006 -0.18750000000000000 0.18750000000000008 0.00000000000000000 -0.37500000000000011 0.37500000000000011 0.37500000000000011 -0.37500000000000011 -0.26516504294495524 -0.26516504294495519 0.26516504294495541 0.26516504294495530 -0.53033008588991071 0.53033008588991060 -0.18750000000000000 0.18750000000000000 0.37500000000000011 0.00000000000000000 0.37500000000000011 -0.37500000000000011 0.00000000000000000 0.18750000000000006 -0.18750000000000006 -0.37500000000000011 -0.26516504294495519 -0.26516504294495524 -0.53033008588991071 0.53033008588991060 0.26516504294495541 0.26516504294495530 -0.18750000000000000 0.00000000000000000 0.37500000000000011 0.18750000000000000 0.37500000000000011 0.37500000000000011 0.18750000000000006 0.00000000000000000 0.18750000000000006 0.37500000000000011 -0.53033008588991071 0.53033008588991060 -0.26516504294495519 -0.26516504294495524 0.26516504294495530 0.26516504294495541 0.00000000000000000 -0.18750000000000000 -0.37500000000000011 0.18750000000000000 0.37500000000000011 0.37500000000000011 -0.18750000000000006 0.18750000000000006 0.00000000000000000 -0.37500000000000011 -0.53033008588991071 0.53033008588991060 0.53033008588991071 -0.53033008588991082 -0.53033008588991082 0.53033008588991071 0.00000000000000000 0.00000000000000000 -0.37500000000000011 0.00000000000000000 0.37500000000000011 -0.37500000000000011 -0.37500000000000011 0.37500000000000011 -0.37500000000000011 -3.00000000000000089;
C_02 = -1.50000000000000000 -0.75000000000000033 -0.74999999999999989 -0.37499999999999989 -0.37500000000000000 0.00000000000000000 0.53033008588991060 0.26516504294495546 0.00000000000000000 0.53033008588991060 0.53033008588991071 0.26516504294495546 0.26516504294495535 0.53033008588991060 0.00000000000000000 -0.26516504294495535 -0.75000000000000033 -1.50000000000000000 -0.37500000000000000 0.00000000000000000 -0.74999999999999989 -0.37499999999999989 0.53033008588991060 0.53033008588991060 0.53033008588991071 0.26516504294495546 0.00000000000000000 -0.26516504294495524 0.53033008588991060 0.26516504294495535 0.00000000000000000 0.26516504294495541 -0.75000000000000011 -0.37499999999999983 -0.75000000000000011 -0.37500000000000006 0.50000000000000022 0.49999999999999994 0.26516504294495541 0.26516504294495530 0.00000000000000000 -0.53033008588991082 0.26516504294495530 0.26516504294495541 0.00000000000000000 1.06066017177982141 1.06066017177982141 0.00000000000000000 -0.37499999999999989 0.00000000000000000 -0.37500000000000006 -0.37500000000000006 0.49999999999999972 0.00000000000000000 0.53033008588991071 -0.26516504294495530 -0.53033008588991071 -0.26516504294495519 -0.26516504294495508 0.53033008588991071 0.26516504294495535 0.53033008588991049 0.53033008588991071 0.26516504294495546 -0.37499999999999983 -0.75000000000000011 0.50000000000000022 0.49999999999999994 -0.75000000000000011 -0.37500000000000006 0.26516504294495541 -0.53033008588991082 0.26516504294495530 0.26516504294495530 0.00000000000000000 -0.26516504294495524 1.06066017177982141 0.00000000000000000 -1.06066017177982141 0.00000000000000000 0.00000000000000000 -0.37499999999999989 0.49999999999999972 0.00000000000000000 -0.37500000000000006 -0.37500000000000006 0.53033008588991071 -0.26516504294495519 -0.26516504294495508 -0.26516504294495530 -0.53033008588991071 -0.53033008588991071 0.53033008588991049 0.26516504294495535 -0.53033008588991071 -0.26516504294495535 0.53033008588991082 0.53033008588991082 0.26516504294495541 0.53033008588991071 0.26516504294495541 0.53033008588991071 -1.50000000000000044 -0.18750000000000006 0.18750000000000000 -0.18750000000000006 0.18750000000000000 0.00000000000000000 -0.18750000000000006 -0.18750000000000006 0.00000000000000000 0.00000000000000000 0.26516504294495546 0.53033008588991071 0.26516504294495541 -0.26516504294495535 -0.53033008588991071 -0.26516504294495530 -0.18750000000000006 0.00000000000000000 -0.18750000000000000 0.18750000000000000 0.00000000000000000 -0.18750000000000000 -0.37500000000000011 -0.37500000000000011 -0.37500000000000011 -0.37500000000000011 0.00000000000000000 0.53033008588991071 0.00000000000000000 -0.53033008588991082 0.26516504294495530 -0.26516504294495530 0.18750000000000008 -0.18750000000000000 -1.50000000000000000 0.00000000000000000 -0.18750000000000000 0.18750000000000008 -0.18750000000000000 0.00000000000000000 0.00000000000000000 -0.18750000000000006 0.53033008588991071 0.26516504294495546 -0.53033008588991071 -0.26516504294495530 0.26516504294495541 -0.26516504294495535 -0.18750000000000006 0.18750000000000000 0.00000000000000000 0.00000000000000000 -0.18750000000000000 0.18750000000000008 -0.37500000000000011 -0.37500000000000011 0.37500000000000011 0.37500000000000011 0.53033008588991071 0.00000000000000000 0.26516504294495530 -0.26516504294495530 0.00000000000000000 -0.53033008588991082 0.18750000000000008 0.00000000000000000 -0.18750000000000000 -0.18750000000000000 -1.50000000000000000 -0.18750000000000000 0.00000000000000000 -0.18750000000000000 0.00000000000000000 0.18750000000000006 0.26516504294495535 -0.26516504294495524 0.26516504294495541 0.53033008588991071 -0.26516504294495535 -0.53033008588991082 0.00000000000000000 -0.18750000000000006 0.18750000000000000 0.18750000000000008 -0.18750000000000000 0.00000000000000000 0.37500000000000011 -0.37500000000000011 -0.37500000000000011 0.37500000000000011 0.26516504294495541 0.53033008588991071 0.00000000000000000 0.26516504294495546 1.06066017177982141 0.53033008588991060 -0.18750000000000000 -0.37500000000000011 -0.18750000000000000 -0.37500000000000011 0.00000000000000000 0.37500000000000011 0.00000000000000000 0.18750000000000006 0.37500000000000011 0.18750000000000006 0.53033008588991071 0.26516504294495541 1.06066017177982141 0.53033008588991060 0.00000000000000000 0.26516504294495546 -0.18750000000000000 -0.37500000000000011 0.00000000000000000 -0.37500000000000011 -0.18750000000000000 -0.37500000000000011 0.18750000000000006 0.00000000000000000 -0.37500000000000011 -0.18750000000000006 0.00000000000000000 0.00000000000000000 1.06066017177982141 0.53033008588991071 -1.06066017177982141 -0.53033008588991082 0.00000000000000000 -0.37500000000000011 0.00000000000000000 0.37500000000000011 0.00000000000000000 -0.37500000000000011 0.37500000000000011 -0.37500000000000011 -3.00000000000000089 -0.37500000000000011 -0.26516504294495530 0.26516504294495530 0.00000000000000000 0.26516504294495541 0.00000000000000000 -0.26516504294495535 0.00000000000000000 -0.37500000000000011 -0.18750000000000000 0.37500000000000011 0.18750000000000000 0.37500000000000011 0.18750000000000006 -0.18750000000000006 -0.37500000000000011 0.00000000000000000;
C_03 = -0.75000000000000011 -0.37500000000000006 -0.75000000000000011 -0.37499999999999983 0.49999999999999994 0.50000000000000022 0.26516504294495530 0.26516504294495541 0.00000000000000000 -0.53033008588991082 0.26516504294495541 0.26516504294495530 0.00000000000000000 1.06066017177982141 1.06066017177982141 0.00000000000000000 -0.37500000000000006 -0.37500000000000006 -0.37499999999999989 0.00000000000000000 0.00000000000000000 0.49999999999999972 -0.26516504294495530 0.53033008588991071 0.53033008588991071 -0.26516504294495519 0.53033008588991071 -0.26516504294495508 -0.26516504294495524 0.53033008588991071 0.53033008588991049 -0.26516504294495524 -0.74999999999999989 -0.37499999999999989 -1.50000000000000000 -0.75000000000000033 0.00000000000000000 -0.37500000000000000 0.26516504294495546 0.53033008588991060 0.00000000000000000 0.53033008588991060 0.26516504294495546 0.53033008588991071 -0.26516504294495524 0.00000000000000000 0.53033008588991060 0.26516504294495535 -0.37500000000000000 0.00000000000000000 -0.75000000000000033 -1.50000000000000000 -0.37499999999999989 -0.74999999999999989 0.53033008588991060 0.53033008588991060 -0.53033008588991060 0.26516504294495546 -0.26516504294495524 0.00000000000000000 -0.53033008588991060 0.00000000000000000 0.26516504294495535 -0.26516504294495519 0.49999999999999972 0.00000000000000000 0.00000000000000000 -0.37499999999999989 -0.37500000000000006 -0.37500000000000006 -0.26516504294495519 0.53033008588991071 0.26516504294495541 -0.26516504294495530 -0.53033008588991071 -0.53033008588991071 -0.53033008588991082 -0.53033008588991071 0.26516504294495535 0.26516504294495541 0.50000000000000022 0.49999999999999994 -0.37499999999999983 -0.75000000000000011 -0.37500000000000006 -0.75000000000000011 -0.53033008588991082 0.26516504294495541 -0.26516504294495530 0.26516504294495530 -0.26516504294495524 0.00000000000000000 -1.06066017177982141 -1.06066017177982141 0.00000000000000000 0.00000000000000000 0.26516504294495541 -0.26516504294495535 0.26516504294495546 0.53033008588991071 -0.26516504294495530 -0.53033008588991071 0.00000000000000000 -0.18750000000000006 0.18750000000000008 0.18750000000000000 -0.18750000000000000 0.00000000000000000 0.37500000000000011 -0.37500000000000011 -0.37500000000000011 0.37500000000000011 0.26516504294495541 0.53033008588991071 0.53033008588991082 0.53033008588991082 0.53033008588991071 0.26516504294495541 -0.18750000000000006 -1.50000000000000044 -0.18750000000000006 -0.18750000000000006 0.00000000000000000 0.18750000000000000 0.18750000000000006 0.00000000000000000 -0.18750000000000006 0.00000000000000000 0.00000000000000000 0.53033008588991049 0.00000000000000000 -0.53033008588991082 0.26516504294495552 -0.26516504294495519 0.18750000000000000 -0.18750000000000006 -1.50000000000000044 0.00000000000000000 -0.18750000000000006 0.18750000000000000 -0.18750000000000006 0.00000000000000000 0.00000000000000000 -0.18750000000000006 -0.53033008588991071 -0.26516504294495530 0.53033008588991071 0.26516504294495546 -0.26516504294495535 0.26516504294495541 0.18750000000000000 -0.18750000000000006 0.00000000000000000 0.00000000000000000 0.18750000000000008 -0.18750000000000000 0.37500000000000011 0.37500000000000011 -0.37500000000000011 -0.37500000000000011 0.26516504294495541 0.53033008588991071 0.26516504294495535 -0.26516504294495524 -0.53033008588991082 -0.26516504294495535 -0.18750000000000006 0.00000000000000000 -0.18750000000000006 0.18750000000000008 0.00000000000000000 -0.18750000000000000 -0.37500000000000011 -0.37500000000000011 -0.37500000000000011 -0.37500000000000011 0.26516504294495530 -0.26516504294495530 0.53033008588991071 0.00000000000000000 -0.53033008588991082 0.00000000000000000 0.00000000000000000 0.18750000000000008 0.18750000000000008 -0.18750000000000000 -0.18750000000000000 -1.50000000000000000 0.00000000000000000 0.00000000000000000 -0.18750000000000000 -0.18750000000000000 0.00000000000000000 -0.26516504294495535 -0.26516504294495524 -0.53033008588991071 -0.53033008588991071 -1.06066017177982141 0.37500000000000011 0.18750000000000000 -0.18750000000000006 0.37500000000000011 -0.37500000000000011 0.00000000000000000 0.00000000000000000 -0.37500000000000011 -0.18750000000000006 0.18750000000000006 1.06066017177982141 0.53033008588991071 0.00000000000000000 0.00000000000000000 -0.53033008588991082 -1.06066017177982141 -0.37500000000000011 0.00000000000000000 0.00000000000000000 0.37500000000000011 -0.37500000000000011 0.00000000000000000 -0.37500000000000011 -3.00000000000000089 -0.37500000000000011 0.37500000000000011 1.06066017177982141 0.53033008588991060 0.53033008588991071 0.26516504294495541 0.26516504294495546 0.00000000000000000 -0.37500000000000011 -0.18750000000000000 0.00000000000000000 -0.37500000000000011 -0.37500000000000011 -0.18750000000000000 -0.18750000000000006 -0.37500000000000011 0.00000000000000000 0.18750000000000006 0.00000000000000000 -0.26516504294495535 0.26516504294495535 -0.26516504294495530 0.26516504294495541 0.00000000000000000 0.37500000000000011 0.00000000000000000 -0.18750000000000000 -0.37500000000000011 -0.37500000000000011 -0.18750000000000000 0.18750000000000006 0.37500000000000011 0.18750000000000006 0.00000000000000000;
C_04 = -0.37500000000000006 -0.37500000000000006 0.00000000000000000 0.49999999999999972 -0.37499999999999989 0.00000000000000000 -0.26516504294495530 -0.26516504294495519 0.53033008588991071 0.53033008588991071 0.53033008588991071 0.26516504294495541 0.53033008588991071 -0.26516504294495524 -0.53033008588991082 0.26516504294495541 -0.37500000000000006 -0.75000000000000011 0.49999999999999994 0.50000000000000022 -0.75000000000000011 -0.37499999999999983 0.26516504294495530 -0.53033008588991082 0.26516504294495541 0.26516504294495541 0.00000000000000000 -0.26516504294495530 1.06066017177982141 0.00000000000000000 -1.06066017177982141 0.00000000000000000 0.00000000000000000 0.49999999999999972 -0.37500000000000006 -0.37500000000000006 0.00000000000000000 -0.37499999999999989 -0.26516504294495519 -0.26516504294495530 -0.53033008588991071 0.53033008588991071 0.26516504294495541 0.53033008588991071 -0.53033008588991071 -0.53033008588991082 -0.26516504294495524 -0.26516504294495524 0.49999999999999994 0.50000000000000022 -0.37500000000000006 -0.75000000000000011 -0.37499999999999983 -0.75000000000000011 -0.53033008588991082 0.26516504294495530 -0.26516504294495524 0.26516504294495541 -0.26516504294495530 0.00000000000000000 -1.06066017177982141 -1.06066017177982141 0.00000000000000000 0.00000000000000000 -0.37499999999999989 -0.74999999999999989 0.00000000000000000 -0.37500000000000000 -1.50000000000000000 -0.75000000000000033 0.26516504294495546 0.53033008588991060 0.26516504294495546 0.53033008588991060 0.00000000000000000 -0.53033008588991060 0.00000000000000000 -0.26516504294495524 -0.53033008588991060 -0.26516504294495519 0.00000000000000000 -0.37500000000000000 -0.37499999999999989 -0.74999999999999989 -0.75000000000000033 -1.50000000000000000 0.53033008588991060 0.26516504294495546 -0.26516504294495524 0.53033008588991060 -0.53033008588991060 0.00000000000000000 0.00000000000000000 -0.53033008588991060 -0.26516504294495524 0.26516504294495535 -0.26516504294495535 0.26516504294495541 -0.26516504294495530 -0.53033008588991071 0.26516504294495546 0.53033008588991071 0.00000000000000000 0.18750000000000000 -0.18750000000000000 -0.18750000000000006 0.18750000000000008 0.00000000000000000 -0.37500000000000011 0.37500000000000011 0.37500000000000011 -0.37500000000000011 -0.26516504294495530 -0.53033008588991071 -0.26516504294495535 0.26516504294495541 0.53033008588991071 0.26516504294495546 0.18750000000000000 0.00000000000000000 0.18750000000000008 -0.18750000000000006 0.00000000000000000 0.18750000000000008 0.37500000000000011 0.37500000000000011 0.37500000000000011 0.37500000000000011 0.53033008588991071 0.26516504294495541 -0.53033008588991082 -0.26516504294495535 0.26516504294495535 -0.26516504294495524 -0.18750000000000006 0.18750000000000008 0.00000000000000000 0.00000000000000000 -0.18750000000000006 0.18750000000000008 -0.37500000000000011 -0.37500000000000011 0.37500000000000011 0.37500000000000011 0.53033008588991071 0.26516504294495541 0.53033008588991071 0.26516504294495541 0.53033008588991082 0.53033008588991082 -0.18750000000000006 -0.18750000000000006 0.00000000000000000 -1.50000000000000044 -0.18750000000000006 -0.18750000000000006 0.00000000000000000 0.18750000000000006 0.18750000000000006 0.00000000000000000 0.53033008588991049 0.00000000000000000 0.26516504294495552 -0.26516504294495519 0.00000000000000000 -0.53033008588991082 0.18750000000000000 0.00000000000000000 -0.18750000000000006 -0.18750000000000006 -1.50000000000000044 -0.18750000000000006 0.00000000000000000 -0.18750000000000006 0.00000000000000000 0.18750000000000006 0.26516504294495552 -0.26516504294495519 0.53033008588991049 0.00000000000000000 -0.53033008588991082 0.00000000000000000 0.00000000000000000 0.18750000000000000 0.18750000000000000 -0.18750000000000006 -0.18750000000000006 -1.50000000000000044 0.00000000000000000 0.00000000000000000 -0.18750000000000006 -0.18750000000000006 0.53033008588991071 1.06066017177982141 -0.53033008588991082 -1.06066017177982141 0.00000000000000000 0.00000000000000000 -0.37500000000000011 0.37500000000000011 -0.37500000000000011 0.00000000000000000 0.00000000000000000 0.00000000000000000 -3.00000000000000089 -0.37500000000000011 0.37500000000000011 -0.37500000000000011 -0.26516504294495535 0.00000000000000000 -0.53033008588991071 -1.06066017177982141 -0.26516504294495524 -0.53033008588991071 0.37500000000000011 0.37500000000000011 -0.37500000000000011 0.18750000000000000 -0.18750000000000006 0.00000000000000000 -0.37500000000000011 0.00000000000000000 0.18750000000000006 -0.18750000000000006 -0.53033008588991071 -1.06066017177982141 -0.26516504294495535 0.00000000000000000 -0.53033008588991071 -0.26516504294495524 0.37500000000000011 0.37500000000000011 0.37500000000000011 0.18750000000000000 0.00000000000000000 -0.18750000000000006 0.37500000000000011 0.18750000000000006 0.00000000000000000 0.18750000000000006 0.26516504294495535 0.00000000000000000 -0.26516504294495535 0.00000000000000000 -0.26516504294495519 0.26516504294495530 -0.37500000000000011 0.37500000000000011 0.37500000000000011 0.00000000000000000 0.18750000000000000 -0.18750000000000006 -0.37500000000000011 -0.18750000000000006 0.18750000000000006 0.00000000000000000;
C_12 = -0.37500000000000011 0.00000000000000000 -0.37499999999999978 -0.37499999999999983 0.49999999999999983 0.00000000000000000 0.53033008588991071 -0.26516504294495530 -0.53033008588991060 -0.26516504294495535 -0.26516504294495535 0.53033008588991060 0.26516504294495535 0.53033008588991082 0.53033008588991071 0.26516504294495546 0.00000000000000000 -0.37500000000000011 0.49999999999999983 0.00000000000000000 -0.37499999999999978 -0.37499999999999983 0.53033008588991071 -0.26516504294495535 -0.26516504294495535 -0.26516504294495530 -0.53033008588991060 -0.53033008588991071 0.53033008588991082 0.26516504294495535 -0.53033008588991060 -0.26516504294495530 -0.37500000000000006 0.50000000000000011 -0.75000000000000011 -0.75000000000000000 0.50000000000000022 -0.37499999999999983 0.26516504294495541 -0.53033008588991060 -1.06066017177982141 0.26516504294495541 0.00000000000000000 1.06066017177982141 -0.26516504294495502 0.00000000000000000 0.26516504294495535 0.00000000000000000 -0.37499999999999994 0.00000000000000000 -0.74999999999999989 -1.50000000000000000 -0.37499999999999978 -0.75000000000000033 0.53033008588991071 0.53033008588991071 -0.53033008588991049 0.26516504294495541 -0.26516504294495524 0.00000000000000000 -0.53033008588991060 0.00000000000000000 0.26516504294495541 -0.26516504294495519 0.50000000000000011 -0.37500000000000006 0.50000000000000022 -0.37499999999999983 -0.75000000000000011 -0.75000000000000000 0.26516504294495541 0.26516504294495541 0.00000000000000000 -0.53033008588991060 -1.06066017177982141 -1.06066017177982141 0.00000000000000000 -0.26516504294495502 -0.26516504294495535 0.00000000000000000 0.00000000000000000 -0.37499999999999994 -0.37499999999999978 -0.75000000000000033 -0.74999999999999989 -1.50000000000000000 0.53033008588991071 0.26516504294495541 -0.26516504294495524 0.53033008588991071 -0.53033008588991049 0.00000000000000000 0.00000000000000000 -0.53033008588991060 -0.26516504294495524 0.26516504294495541 0.53033008588991071 0.53033008588991071 0.26516504294495530 0.53033008588991071 0.26516504294495530 0.53033008588991071 -1.50000000000000044 -0.18750000000000006 0.18750000000000006 -0.18750000000000006 0.18750000000000006 0.00000000000000000 -0.18750000000000006 -0.18750000000000006 0.00000000000000000 0.00000000000000000 -0.26516504294495535 -0.26516504294495524 -0.53033008588991071 0.53033008588991060 0.26516504294495535 0.26516504294495535 -0.18750000000000006 0.00000000000000000 0.37500000000000011 0.18750000000000006 0.37500000000000011 0.37500000000000011 0.18750000000000000 0.00000000000000000 0.18750000000000000 0.37500000000000011 -0.53033008588991071 -0.26516504294495524 -1.06066017177982141 -0.53033008588991082 0.00000000000000000 -0.26516504294495535 0.18750000000000006 0.37500000000000011 0.00000000000000000 0.37500000000000011 0.18750000000000006 0.37500000000000011 -0.18750000000000000 0.00000000000000000 0.37500000000000011 0.18750000000000006 -0.26516504294495524 -0.26516504294495535 0.26516504294495535 0.26516504294495535 -0.53033008588991071 0.53033008588991060 -0.18750000000000006 0.18750000000000006 0.37500000000000011 0.00000000000000000 0.37500000000000011 -0.37500000000000011 0.00000000000000000 0.18750000000000000 -0.18750000000000006 -0.37500000000000011 -0.26516504294495524 -0.53033008588991071 0.00000000000000000 -0.26516504294495535 -1.06066017177982141 -0.53033008588991082 0.18750000000000006 0.37500000000000011 0.18750000000000006 0.37500000000000011 0.00000000000000000 -0.37500000000000011 0.00000000000000000 -0.18750000000000000 -0.37500000000000011 -0.18750000000000006 0.53033008588991071 -0.53033008588991082 1.06066017177982141 0.00000000000000000 -1.06066017177982141 0.00000000000000000 0.00000000000000000 0.37500000000000011 0.37500000000000011 -0.37500000000000011 -0.37500000000000011 -3.00000000000000089 0.00000000000000000 0.00000000000000000 -0.37500000000000011 -0.37500000000000011 0.26516504294495535 0.53033008588991071 -0.26516504294495519 -0.53033008588991071 0.00000000000000000 0.00000000000000000 -0.18750000000000006 0.18750000000000006 -0.18750000000000000 0.00000000000000000 0.00000000000000000 0.00000000000000000 -1.50000000000000000 -0.18750000000000000 0.18750000000000008 -0.18750000000000006 0.53033008588991071 0.26516504294495535 0.00000000000000000 0.00000000000000000 -0.26516504294495519 -0.53033008588991071 -0.18750000000000006 0.00000000000000000 0.00000000000000000 0.18750000000000006 -0.18750000000000000 0.00000000000000000 -0.18750000000000000 -1.50000000000000000 -0.18750000000000000 0.18750000000000006 0.53033008588991071 -0.53033008588991060 0.26516504294495535 0.26516504294495535 -0.26516504294495530 -0.26516504294495535 0.00000000000000000 0.18750000000000006 0.37500000000000011 -0.18750000000000006 -0.37500000000000011 -0.37500000000000011 0.18750000000000000 -0.18750000000000000 0.00000000000000000 0.37500000000000011 0.26516504294495541 -0.26516504294495530 0.00000000000000000 -0.26516504294495535 0.00000000000000000 0.26516504294495535 0.00000000000000000 0.37500000000000011 0.18750000000000006 -0.37500000000000011 -0.18750000000000006 -0.37500000000000011 -0.18750000000000000 0.18750000000000000 0.37500000000000011 0.00000000000000000;
C_13 = -0.75000000000000011 -0.75000000000000000 -0.37500000000000006 0.50000000000000011 -0.37499999999999983 0.50000000000000022 -0.53033008588991060 0.26516504294495541 1.06066017177982141 0.26516504294495541 1.06066017177982141 0.00000000000000000 0.26516504294495524 0.26516504294495535 0.00000000000000000 0.00000000000000000 -0.74999999999999989 -1.50000000000000000 -0.37499999999999994 0.00000000000000000 -0.75000000000000033 -0.37499999999999978 0.53033008588991071 0.53033008588991071 0.53033008588991049 0.26516504294495541 0.00000000000000000 -0.26516504294495524 0.53033008588991082 0.26516504294495541 0.00000000000000000 0.26516504294495535 -0.37499999999999978 -0.37499999999999983 -0.37500000000000011 0.00000000000000000 0.00000000000000000 0.49999999999999983 -0.26516504294495530 0.53033008588991071 0.53033008588991071 -0.26516504294495535 0.53033008588991060 -0.26516504294495535 -0.26516504294495519 0.53033008588991071 0.53033008588991082 -0.26516504294495530 0.49999999999999983 0.00000000000000000 0.00000000000000000 -0.37500000000000011 -0.37499999999999983 -0.37499999999999978 -0.26516504294495535 0.53033008588991071 0.26516504294495541 -0.26516504294495530 -0.53033008588991071 -0.53033008588991060 -0.53033008588991060 -0.53033008588991060 0.26516504294495535 0.26516504294495535 -0.37499999999999978 -0.75000000000000033 0.00000000000000000 -0.37499999999999994 -1.50000000000000000 -0.74999999999999989 0.26516504294495541 0.53033008588991071 0.26516504294495535 0.53033008588991071 0.00000000000000000 -0.53033008588991049 0.00000000000000000 -0.26516504294495524 -0.53033008588991060 -0.26516504294495524 0.50000000000000022 -0.37499999999999983 0.50000000000000011 -0.37500000000000006 -0.75000000000000000 -0.75000000000000011 0.26516504294495541 0.26516504294495541 0.00000000000000000 -0.53033008588991060 -1.06066017177982141 -1.06066017177982141 0.00000000000000000 -0.26516504294495535 -0.26516504294495502 0.00000000000000000 -0.53033008588991071 0.53033008588991060 -0.26516504294495535 -0.26516504294495524 0.26516504294495535 0.26516504294495535 0.00000000000000000 -0.18750000000000006 -0.37500000000000011 0.18750000000000006 0.37500000000000011 0.37500000000000011 -0.18750000000000006 0.18750000000000000 0.00000000000000000 -0.37500000000000011 0.26516504294495530 0.53033008588991071 0.53033008588991071 0.53033008588991071 0.53033008588991071 0.26516504294495530 -0.18750000000000006 -1.50000000000000044 -0.18750000000000006 -0.18750000000000006 0.00000000000000000 0.18750000000000006 0.18750000000000000 0.00000000000000000 -0.18750000000000006 0.00000000000000000 1.06066017177982141 0.53033008588991082 0.53033008588991082 0.26516504294495541 0.26516504294495535 0.00000000000000000 -0.37500000000000011 -0.18750000000000006 0.00000000000000000 -0.37500000000000011 -0.37500000000000011 -0.18750000000000006 -0.18750000000000006 -0.37500000000000011 0.00000000000000000 0.18750000000000006 0.26516504294495535 0.26516504294495535 -0.26516504294495524 -0.26516504294495535 0.53033008588991060 -0.53033008588991071 0.18750000000000006 -0.18750000000000006 -0.37500000000000011 0.00000000000000000 -0.37500000000000011 0.37500000000000011 0.00000000000000000 -0.18750000000000006 0.18750000000000000 0.37500000000000011 1.06066017177982141 0.00000000000000000 0.53033008588991071 -0.53033008588991082 0.00000000000000000 -1.06066017177982141 0.37500000000000011 0.00000000000000000 -0.37500000000000011 -0.37500000000000011 -3.00000000000000089 -0.37500000000000011 0.00000000000000000 -0.37500000000000011 0.00000000000000000 0.37500000000000011 0.00000000000000000 -0.26516504294495535 -0.26516504294495524 -0.53033008588991071 -0.53033008588991082 -1.06066017177982141 0.37500000000000011 0.18750000000000006 -0.18750000000000006 0.37500000000000011 -0.37500000000000011 0.00000000000000000 0.00000000000000000 -0.37500000000000011 -0.18750000000000000 0.18750000000000006 0.26516504294495530 0.53033008588991060 -0.26516504294495524 -0.53033008588991082 0.00000000000000000 0.00000000000000000 -0.18750000000000006 0.18750000000000006 -0.18750000000000006 0.00000000000000000 0.00000000000000000 0.00000000000000000 -1.50000000000000044 -0.18750000000000006 0.18750000000000000 -0.18750000000000006 0.26516504294495535 0.26516504294495535 0.53033008588991071 -0.53033008588991060 -0.26516504294495535 -0.26516504294495530 0.18750000000000006 0.00000000000000000 -0.37500000000000011 -0.18750000000000006 -0.37500000000000011 -0.37500000000000011 -0.18750000000000006 0.00000000000000000 -0.18750000000000000 -0.37500000000000011 0.00000000000000000 0.00000000000000000 0.53033008588991071 0.26516504294495535 -0.53033008588991071 -0.26516504294495519 0.00000000000000000 -0.18750000000000006 0.00000000000000000 0.18750000000000006 0.00000000000000000 -0.18750000000000000 0.18750000000000008 -0.18750000000000000 -1.50000000000000000 -0.18750000000000000 0.00000000000000000 0.26516504294495541 -0.26516504294495530 0.26516504294495541 -0.26516504294495535 0.00000000000000000 -0.37500000000000011 0.00000000000000000 0.18750000000000006 0.37500000000000011 0.37500000000000011 0.18750000000000006 -0.18750000000000000 -0.37500000000000011 -0.18750000000000000 0.00000000000000000;
C_14 = -1.50000000000000000 -0.74999999999999989 -0.75000000000000033 -0.37499999999999978 -0.37499999999999994 0.00000000000000000 0.53033008588991071 0.26516504294495541 0.00000000000000000 0.53033008588991071 0.53033008588991049 0.26516504294495535 0.26516504294495541 0.53033008588991082 0.00000000000000000 -0.26516504294495524 -0.75000000000000000 -0.75000000000000011 -0.37499999999999983 0.50000000000000022 -0.37500000000000006 0.50000000000000011 -0.53033008588991060 0.26516504294495541 1.06066017177982141 0.26516504294495541 1.06066017177982141 0.00000000000000000 0.26516504294495535 0.26516504294495524 0.00000000000000000 0.00000000000000000 -0.75000000000000033 -0.37499999999999978 -1.50000000000000000 -0.74999999999999989 0.00000000000000000 -0.37499999999999994 0.26516504294495541 0.53033008588991071 0.00000000000000000 0.53033008588991071 0.26516504294495535 0.53033008588991049 -0.26516504294495524 0.00000000000000000 0.53033008588991082 0.26516504294495535 -0.37499999999999983 0.50000000000000022 -0.75000000000000000 -0.75000000000000011 0.50000000000000011 -0.37500000000000006 0.26516504294495541 -0.53033008588991060 -1.06066017177982141 0.26516504294495541 0.00000000000000000 1.06066017177982141 -0.26516504294495535 0.00000000000000000 0.26516504294495524 0.00000000000000000 -0.37499999999999983 -0.37499999999999978 0.00000000000000000 0.49999999999999983 -0.37500000000000011 0.00000000000000000 -0.26516504294495530 -0.26516504294495535 0.53033008588991060 0.53033008588991071 0.53033008588991071 0.26516504294495541 0.53033008588991071 -0.26516504294495519 -0.53033008588991060 0.26516504294495535 0.00000000000000000 0.49999999999999983 -0.37499999999999983 -0.37499999999999978 0.00000000000000000 -0.37500000000000011 -0.26516504294495535 -0.26516504294495530 -0.53033008588991071 0.53033008588991071 0.26516504294495541 0.53033008588991071 -0.53033008588991060 -0.53033008588991060 -0.26516504294495519 -0.26516504294495530 0.53033008588991060 -0.53033008588991071 0.26516504294495535 0.26516504294495535 -0.26516504294495535 -0.26516504294495524 0.00000000000000000 0.18750000000000006 0.37500000000000011 -0.18750000000000006 -0.37500000000000011 -0.37500000000000011 0.18750000000000000 -0.18750000000000006 0.00000000000000000 0.37500000000000011 0.26516504294495535 0.26516504294495535 0.53033008588991060 -0.53033008588991071 -0.26516504294495524 -0.26516504294495535 0.18750000000000006 0.00000000000000000 -0.37500000000000011 -0.18750000000000006 -0.37500000000000011 -0.37500000000000011 -0.18750000000000006 0.00000000000000000 -0.18750000000000006 -0.37500000000000011 0.00000000000000000 1.06066017177982141 0.00000000000000000 -1.06066017177982141 0.53033008588991071 -0.53033008588991082 0.37500000000000011 -0.37500000000000011 -3.00000000000000089 0.00000000000000000 -0.37500000000000011 0.37500000000000011 -0.37500000000000011 0.00000000000000000 0.00000000000000000 -0.37500000000000011 0.53033008588991071 0.26516504294495530 0.53033008588991071 0.26516504294495530 0.53033008588991071 0.53033008588991071 -0.18750000000000006 -0.18750000000000006 0.00000000000000000 -1.50000000000000044 -0.18750000000000006 -0.18750000000000006 0.00000000000000000 0.18750000000000000 0.18750000000000000 0.00000000000000000 0.53033008588991082 1.06066017177982141 0.26516504294495535 0.00000000000000000 0.53033008588991082 0.26516504294495541 -0.37500000000000011 -0.37500000000000011 -0.37500000000000011 -0.18750000000000006 0.00000000000000000 0.18750000000000006 -0.37500000000000011 -0.18750000000000006 0.00000000000000000 -0.18750000000000006 0.26516504294495535 0.00000000000000000 0.53033008588991082 1.06066017177982141 0.26516504294495541 0.53033008588991082 -0.37500000000000011 -0.37500000000000011 0.37500000000000011 -0.18750000000000006 0.18750000000000006 0.00000000000000000 0.37500000000000011 0.00000000000000000 -0.18750000000000006 0.18750000000000006 0.26516504294495535 0.26516504294495535 -0.26516504294495535 -0.26516504294495530 0.53033008588991071 -0.53033008588991060 0.18750000000000006 -0.18750000000000006 -0.37500000000000011 0.00000000000000000 -0.37500000000000011 0.37500000000000011 0.00000000000000000 -0.18750000000000006 0.18750000000000008 0.37500000000000011 0.53033008588991060 0.26516504294495530 0.00000000000000000 0.00000000000000000 -0.26516504294495524 -0.53033008588991082 -0.18750000000000006 0.00000000000000000 0.00000000000000000 0.18750000000000006 -0.18750000000000006 0.00000000000000000 -0.18750000000000006 -1.50000000000000044 -0.18750000000000006 0.18750000000000006 0.00000000000000000 0.00000000000000000 0.53033008588991060 0.26516504294495530 -0.53033008588991082 -0.26516504294495524 0.00000000000000000 -0.18750000000000006 0.00000000000000000 0.18750000000000006 0.00000000000000000 -0.18750000000000006 0.18750000000000000 -0.18750000000000006 -1.50000000000000044 -0.18750000000000006 -0.26516504294495535 0.00000000000000000 0.26516504294495535 0.00000000000000000 0.26516504294495541 -0.26516504294495530 0.37500000000000011 -0.37500000000000011 -0.37500000000000011 0.00000000000000000 -0.18750000000000006 0.18750000000000006 0.37500000000000011 0.18750000000000000 -0.18750000000000006 0.00000000000000000;
C_23 = -0.75000000000000011 -0.37500000000000006 0.00000000000000000 0.00000000000000000 -0.87500000000000044 -0.49999999999999983 0.26516504294495546 0.00000000000000000 0.00000000000000000 1.06066017177982141 0.26516504294495552 0.00000000000000000 0.26516504294495541 -0.53033008588991082 -1.06066017177982141 -0.26516504294495519 -0.37500000000000006 -0.37500000000000006 0.00000000000000000 0.49999999999999994 -0.37499999999999989 0.00000000000000000 -0.26516504294495524 -0.26516504294495524 0.53033008588991071 0.53033008588991071 0.53033008588991060 0.26516504294495541 0.53033008588991071 -0.26516504294495519 -0.53033008588991049 0.26516504294495535 0.00000000000000000 0.00000000000000000 -0.74999999999999978 -0.37499999999999994 -0.49999999999999983 -0.87500000000000033 0.00000000000000000 0.26516504294495535 0.00000000000000000 1.06066017177982141 0.00000000000000000 0.26516504294495535 -0.26516504294495524 -1.06066017177982141 -0.53033008588991071 0.26516504294495530 0.00000000000000000 0.50000000000000011 -0.37499999999999983 -0.37500000000000017 0.00000000000000000 -0.37499999999999994 -0.26516504294495519 -0.26516504294495546 -0.53033008588991071 0.53033008588991071 0.26516504294495541 0.53033008588991060 -0.53033008588991060 -0.53033008588991071 -0.26516504294495519 -0.26516504294495513 -0.87500000000000011 -0.37500000000000006 -0.49999999999999972 0.00000000000000000 -0.75000000000000000 0.00000000000000000 0.00000000000000000 0.26516504294495541 0.26516504294495535 1.06066017177982141 1.06066017177982141 0.53033008588991082 0.00000000000000000 0.00000000000000000 -0.26516504294495530 -0.26516504294495530 -0.49999999999999989 0.00000000000000000 -0.87500000000000000 -0.37499999999999989 0.00000000000000000 -0.75000000000000000 0.26516504294495546 0.00000000000000000 -0.26516504294495513 1.06066017177982141 0.53033008588991071 1.06066017177982141 0.00000000000000000 -0.26516504294495535 0.00000000000000000 0.26516504294495530 0.26516504294495541 -0.26516504294495535 0.00000000000000000 -0.26516504294495541 0.00000000000000000 0.26516504294495563 0.00000000000000000 0.37500000000000011 0.18750000000000006 -0.37500000000000011 -0.18750000000000006 -0.37500000000000011 -0.18750000000000006 0.18750000000000006 0.37500000000000011 0.00000000000000000 0.00000000000000000 -0.26516504294495535 0.26516504294495535 -0.26516504294495524 0.26516504294495541 0.00000000000000000 0.37500000000000011 0.00000000000000000 -0.18750000000000006 -0.37500000000000011 -0.37500000000000011 -0.18750000000000006 0.18750000000000006 0.37500000000000011 0.18750000000000006 0.00000000000000000 0.00000000000000000 0.53033008588991049 0.00000000000000000 -0.53033008588991071 0.26516504294495524 -0.26516504294495524 0.18750000000000006 -0.18750000000000006 -1.50000000000000044 0.00000000000000000 -0.18750000000000006 0.18750000000000006 -0.18750000000000006 0.00000000000000000 0.00000000000000000 -0.18750000000000006 1.06066017177982141 0.53033008588991071 1.06066017177982141 0.53033008588991071 1.06066017177982141 1.06066017177982141 -0.37500000000000011 -0.37500000000000011 0.00000000000000000 -3.00000000000000089 -0.37500000000000011 -0.37500000000000011 0.00000000000000000 0.37500000000000011 0.37500000000000011 0.00000000000000000 0.26516504294495541 0.53033008588991071 0.00000000000000000 0.26516504294495546 1.06066017177982141 0.53033008588991049 -0.18750000000000006 -0.37500000000000011 -0.18750000000000006 -0.37500000000000011 0.00000000000000000 0.37500000000000011 0.00000000000000000 0.18750000000000006 0.37500000000000011 0.18750000000000000 0.00000000000000000 0.26516504294495541 0.26516504294495546 0.53033008588991071 0.53033008588991071 1.06066017177982141 -0.37500000000000011 -0.18750000000000006 0.18750000000000006 -0.37500000000000011 0.37500000000000011 0.00000000000000000 0.00000000000000000 0.37500000000000011 0.18750000000000006 -0.18750000000000000 0.26516504294495524 0.53033008588991071 -0.26516504294495530 -0.53033008588991082 0.00000000000000000 0.00000000000000000 -0.18750000000000006 0.18750000000000000 -0.18750000000000006 0.00000000000000000 0.00000000000000000 0.00000000000000000 -1.50000000000000044 -0.18750000000000006 0.18750000000000006 -0.18750000000000006 -0.53033008588991071 -0.26516504294495524 -1.06066017177982141 -0.53033008588991060 0.00000000000000000 -0.26516504294495541 0.18750000000000006 0.37500000000000011 0.00000000000000000 0.37500000000000011 0.18750000000000006 0.37500000000000011 -0.18750000000000006 0.00000000000000000 0.37500000000000011 0.18750000000000000 -1.06066017177982141 -0.53033008588991060 -0.53033008588991060 -0.26516504294495524 -0.26516504294495524 0.00000000000000000 0.37500000000000011 0.18750000000000006 0.00000000000000000 0.37500000000000011 0.37500000000000011 0.18750000000000006 0.18750000000000006 0.37500000000000011 0.00000000000000000 -0.18750000000000000 -0.26516504294495524 0.26516504294495535 0.26516504294495541 -0.26516504294495508 -0.26516504294495519 0.26516504294495552 0.00000000000000000 0.00000000000000000 -0.18750000000000006 0.00000000000000000 0.18750000000000006 -0.18750000000000000 -0.18750000000000006 0.18750000000000006 -0.18750000000000000 -1.50000000000000000;
C_24 = -0.37500000000000006 -0.37500000000000006 -0.37499999999999989 0.00000000000000000 0.00000000000000000 0.49999999999999994 -0.26516504294495524 0.53033008588991071 0.53033008588991060 -0.26516504294495524 0.53033008588991071 -0.26516504294495524 -0.26516504294495519 0.53033008588991071 0.53033008588991082 -0.26516504294495502 -0.37500000000000006 -0.75000000000000011 -0.87500000000000044 -0.49999999999999983 0.00000000000000000 0.00000000000000000 0.26516504294495546 1.06066017177982141 0.26516504294495552 0.00000000000000000 0.00000000000000000 0.00000000000000000 -0.53033008588991082 0.26516504294495541 1.06066017177982141 0.26516504294495535 -0.37500000000000006 -0.87500000000000011 -0.75000000000000000 0.00000000000000000 -0.49999999999999972 0.00000000000000000 0.00000000000000000 1.06066017177982141 1.06066017177982141 0.26516504294495541 0.26516504294495535 -0.53033008588991082 0.00000000000000000 0.00000000000000000 0.26516504294495541 0.26516504294495530 0.00000000000000000 -0.49999999999999989 0.00000000000000000 -0.75000000000000000 -0.87500000000000000 -0.37499999999999989 0.26516504294495546 1.06066017177982141 0.53033008588991071 0.00000000000000000 -0.26516504294495513 -1.06066017177982141 -0.26516504294495535 0.00000000000000000 0.00000000000000000 -0.26516504294495508 0.00000000000000000 0.00000000000000000 -0.49999999999999983 -0.87500000000000033 -0.74999999999999978 -0.37499999999999994 0.00000000000000000 1.06066017177982141 0.00000000000000000 0.26516504294495535 0.00000000000000000 -0.26516504294495524 -1.06066017177982141 -0.26516504294495524 0.53033008588991071 -0.26516504294495519 0.50000000000000011 0.00000000000000000 0.00000000000000000 -0.37499999999999994 -0.37499999999999983 -0.37500000000000017 -0.26516504294495519 0.53033008588991071 0.26516504294495541 -0.26516504294495546 -0.53033008588991071 -0.53033008588991071 -0.53033008588991071 -0.53033008588991060 0.26516504294495552 0.26516504294495535 -0.26516504294495535 0.26516504294495541 0.00000000000000000 0.26516504294495563 0.00000000000000000 -0.26516504294495541 0.00000000000000000 -0.37500000000000011 -0.18750000000000006 0.37500000000000011 0.18750000000000006 0.37500000000000011 0.18750000000000006 -0.18750000000000006 -0.37500000000000011 0.00000000000000000 0.53033008588991071 1.06066017177982141 1.06066017177982141 1.06066017177982141 1.06066017177982141 0.53033008588991071 -0.37500000000000011 -3.00000000000000089 -0.37500000000000011 -0.37500000000000011 0.00000000000000000 0.37500000000000011 0.37500000000000011 0.00000000000000000 -0.37500000000000011 0.00000000000000000 0.53033008588991071 0.26516504294495541 1.06066017177982141 0.53033008588991049 0.00000000000000000 0.26516504294495546 -0.18750000000000006 -0.37500000000000011 0.00000000000000000 -0.37500000000000011 -0.18750000000000006 -0.37500000000000011 0.18750000000000006 0.00000000000000000 -0.37500000000000011 -0.18750000000000006 -0.26516504294495535 0.00000000000000000 0.26516504294495541 0.00000000000000000 0.26516504294495535 -0.26516504294495524 0.37500000000000011 -0.37500000000000011 -0.37500000000000011 0.00000000000000000 -0.18750000000000006 0.18750000000000006 0.37500000000000011 0.18750000000000006 -0.18750000000000006 0.00000000000000000 0.53033008588991049 0.00000000000000000 0.26516504294495524 -0.26516504294495524 0.00000000000000000 -0.53033008588991071 0.18750000000000006 0.00000000000000000 -0.18750000000000006 -0.18750000000000006 -1.50000000000000044 -0.18750000000000006 0.00000000000000000 -0.18750000000000006 0.00000000000000000 0.18750000000000000 -0.26516504294495535 0.00000000000000000 -0.53033008588991071 -1.06066017177982141 -0.26516504294495530 -0.53033008588991082 0.37500000000000011 0.37500000000000011 -0.37500000000000011 0.18750000000000006 -0.18750000000000006 0.00000000000000000 -0.37500000000000011 0.00000000000000000 0.18750000000000006 -0.18750000000000006 -0.26516504294495524 -0.53033008588991071 0.00000000000000000 -0.26516504294495541 -1.06066017177982141 -0.53033008588991060 0.18750000000000006 0.37500000000000011 0.18750000000000006 0.37500000000000011 0.00000000000000000 -0.37500000000000011 0.00000000000000000 -0.18750000000000006 -0.37500000000000011 -0.18750000000000006 0.53033008588991071 0.26516504294495524 0.00000000000000000 0.00000000000000000 -0.26516504294495530 -0.53033008588991082 -0.18750000000000006 0.00000000000000000 0.00000000000000000 0.18750000000000000 -0.18750000000000006 0.00000000000000000 -0.18750000000000006 -1.50000000000000044 -0.18750000000000006 0.18750000000000000 0.53033008588991071 1.06066017177982141 0.26516504294495541 0.00000000000000000 0.53033008588991060 0.26516504294495546 -0.37500000000000011 -0.37500000000000011 -0.37500000000000011 -0.18750000000000006 0.00000000000000000 0.18750000000000006 -0.37500000000000011 -0.18750000000000006 0.00000000000000000 -0.18750000000000006 -0.26516504294495519 0.26516504294495524 0.26516504294495524 -0.26516504294495524 -0.26516504294495530 0.26516504294495530 0.00000000000000000 0.00000000000000000 -0.18750000000000006 0.00000000000000000 0.18750000000000006 -0.18750000000000006 -0.18750000000000006 0.18750000000000006 -0.18750000000000006 -1.50000000000000044;
C_34 = -0.75000000000000000 0.00000000000000000 -0.37500000000000006 -0.87500000000000011 0.00000000000000000 -0.49999999999999972 1.06066017177982141 0.00000000000000000 -1.06066017177982141 0.26516504294495541 -0.53033008588991082 0.26516504294495535 0.00000000000000000 0.26516504294495541 0.00000000000000000 -0.26516504294495519 0.00000000000000000 -0.75000000000000000 0.00000000000000000 -0.49999999999999989 -0.37499999999999989 -0.87500000000000000 1.06066017177982141 0.26516504294495546 -0.53033008588991071 0.00000000000000000 -1.06066017177982141 -0.26516504294495513 0.26516504294495546 0.00000000000000000 0.00000000000000000 0.26516504294495535 -0.37499999999999989 0.00000000000000000 -0.37500000000000006 -0.37500000000000006 0.49999999999999994 0.00000000000000000 0.53033008588991071 -0.26516504294495524 -0.53033008588991071 -0.26516504294495524 -0.26516504294495524 0.53033008588991071 0.26516504294495541 0.53033008588991082 0.53033008588991071 0.26516504294495541 -0.87500000000000044 -0.49999999999999983 -0.37500000000000006 -0.75000000000000011 0.00000000000000000 0.00000000000000000 1.06066017177982141 0.26516504294495546 -0.26516504294495535 0.00000000000000000 0.00000000000000000 0.00000000000000000 0.53033008588991082 1.06066017177982141 0.26516504294495541 -0.26516504294495530 0.00000000000000000 -0.37499999999999994 0.50000000000000011 0.00000000000000000 -0.37500000000000017 -0.37499999999999983 0.53033008588991071 -0.26516504294495519 -0.26516504294495524 -0.26516504294495546 -0.53033008588991071 -0.53033008588991071 0.53033008588991082 0.26516504294495552 -0.53033008588991060 -0.26516504294495524 -0.49999999999999983 -0.87500000000000033 0.00000000000000000 0.00000000000000000 -0.37499999999999994 -0.74999999999999978 1.06066017177982141 0.00000000000000000 0.00000000000000000 0.26516504294495535 -0.26516504294495524 0.00000000000000000 1.06066017177982141 0.53033008588991071 -0.26516504294495524 0.26516504294495535 1.06066017177982141 1.06066017177982141 0.53033008588991071 1.06066017177982141 0.53033008588991071 1.06066017177982141 -3.00000000000000089 -0.37500000000000011 0.37500000000000011 -0.37500000000000011 0.37500000000000011 0.00000000000000000 -0.37500000000000011 -0.37500000000000011 0.00000000000000000 0.00000000000000000 0.00000000000000000 0.26516504294495563 -0.26516504294495535 0.26516504294495541 -0.26516504294495541 0.00000000000000000 -0.37500000000000011 0.00000000000000000 0.18750000000000006 0.37500000000000011 0.37500000000000011 0.18750000000000006 -0.18750000000000006 -0.37500000000000011 -0.18750000000000006 0.00000000000000000 -1.06066017177982141 -0.53033008588991049 -0.53033008588991082 -0.26516504294495535 -0.26516504294495519 0.00000000000000000 0.37500000000000011 0.18750000000000006 0.00000000000000000 0.37500000000000011 0.37500000000000011 0.18750000000000006 0.18750000000000006 0.37500000000000011 0.00000000000000000 -0.18750000000000006 0.26516504294495541 0.00000000000000000 -0.26516504294495535 0.00000000000000000 -0.26516504294495524 0.26516504294495535 -0.37500000000000011 0.37500000000000011 0.37500000000000011 0.00000000000000000 0.18750000000000006 -0.18750000000000006 -0.37500000000000011 -0.18750000000000006 0.18750000000000006 0.00000000000000000 -0.53033008588991071 -1.06066017177982141 -0.26516504294495535 0.00000000000000000 -0.53033008588991082 -0.26516504294495530 0.37500000000000011 0.37500000000000011 0.37500000000000011 0.18750000000000006 0.00000000000000000 -0.18750000000000006 0.37500000000000011 0.18750000000000006 0.00000000000000000 0.18750000000000006 0.26516504294495524 -0.26516504294495524 0.53033008588991049 0.00000000000000000 -0.53033008588991071 0.00000000000000000 0.00000000000000000 0.18750000000000006 0.18750000000000006 -0.18750000000000006 -0.18750000000000006 -1.50000000000000044 0.00000000000000000 0.00000000000000000 -0.18750000000000006 -0.18750000000000006 0.00000000000000000 0.26516504294495563 0.26516504294495546 0.53033008588991071 0.53033008588991071 1.06066017177982141 -0.37500000000000011 -0.18750000000000006 0.18750000000000006 -0.37500000000000011 0.37500000000000011 0.00000000000000000 0.00000000000000000 0.37500000000000011 0.18750000000000006 -0.18750000000000006 0.26516504294495541 0.00000000000000000 0.53033008588991071 1.06066017177982141 0.26516504294495546 0.53033008588991060 -0.37500000000000011 -0.37500000000000011 0.37500000000000011 -0.18750000000000006 0.18750000000000006 0.00000000000000000 0.37500000000000011 0.00000000000000000 -0.18750000000000006 0.18750000000000006 0.00000000000000000 0.00000000000000000 0.53033008588991071 0.26516504294495524 -0.53033008588991082 -0.26516504294495530 0.00000000000000000 -0.18750000000000006 0.00000000000000000 0.18750000000000000 0.00000000000000000 -0.18750000000000006 0.18750000000000006 -0.18750000000000006 -1.50000000000000044 -0.18750000000000006 -0.26516504294495513 0.26516504294495546 0.26516504294495524 -0.26516504294495535 -0.26516504294495513 0.26516504294495541 0.00000000000000000 0.00000000000000000 -0.18750000000000006 0.00000000000000000 0.18750000000000000 -0.18750000000000006 -0.18750000000000006 0.18750000000000000 -0.18750000000000006 -1.50000000000000044;
